Description	Orthogroup	gafu	acte	ando	chfle	chfus	cyca	enqua	heau	hecri	hehe	hemag	hyva	mado	neno	neva	oula	sama	stgag	sthad	stmer
desc	OG0005760	14	4	8	3	3	3	9	13	11	8	7	22	3	12	18	11	9	10	16	12
desc	OG0004206	4	1	1	1	3	8	1	11	5	6	7	3	4	2	4	1	2	8	8	3
desc	OG0005610	7	2	3	13	3	3	6	18	10	6	4	16	1	4	4	3	12	8	9	14
desc	OG0005773	16	6	2	1	2	4	5	8	10	10	10	20	7	7	8	6	4	18	10	8
desc	OG0007081	0	2	3	3	3	3	2	10	11	4	5	10	3	3	2	2	7	4	5	6
desc	OG0000146	8	0	1	1	2	1	2	5	4	4	4	3	3	2	3	1	2	4	4	6
desc	OG0002477	5	1	1	1	1	2	2	2	2	4	2	0	2	1	6	1	1	2	2	4
desc	OG0000059	28	2	4	4	4	2	6	8	6	11	3	14	0	8	2	4	8	8	7	10
desc	OG0002731	100	61	60	72	33	45	58	65	70	98	98	205	23	178	94	110	69	68	73	86
desc	OG0002657	46	8	5	3	3	4	17	20	24	21	23	18	6	7	6	9	5	25	26	23
desc	OG0004350	11	1	1	1	2	2	3	3	2	8	5	3	0	3	1	1	1	8	8	3
desc	OG0005877	8	1	2	4	5	7	2	11	5	4	4	13	1	22	4	4	5	9	5	13
desc	OG0004378	17	2	2	1	2	3	6	11	8	8	11	12	1	6	4	6	7	7	6	12
desc	OG0006426	20	3	3	1	2	21	4	10	8	17	15	3	5	4	4	7	3	12	7	15
desc	OG0004966	8	2	4	1	2	18	4	4	3	2	3	4	1	3	7	3	3	4	4	2
desc	OG0003187	7	3	1	1	3	1	3	6	7	6	3	3	14	2	3	2	1	4	4	6
desc	OG0004390	23	14	19	5	4	3	21	18	12	8	15	22	4	17	9	17	12	45	38	27
desc	OG0002860	5	8	2	2	4	1	8	14	12	14	7	5	8	5	9	7	2	10	8	9
desc	OG0006498	20	11	14	4	3	1	33	31	20	18	12	7	16	7	9	11	11	13	29	29
desc	OG0006431	8	4	2	1	1	1	13	10	7	4	10	6	4	3	3	4	2	10	15	10
desc	OG0005116	10	3	1	1	2	2	5	6	4	4	3	3	5	4	1	3	8	4	1	2
desc	OG0005102	10	2	1	1	3	4	2	2	3	3	2	5	6	4	4	4	8	2	2	4
desc	OG0003005	19	1	5	1	2	18	4	15	11	6	5	4	1	4	4	3	2	11	8	11
desc	OG0004050	15	3	1	5	2	2	5	9	8	8	8	4	3	3	13	14	2	9	7	10
desc	OG0004165	6	2	1	3	2	2	4	3	2	11	8	11	1	3	5	3	3	12	6	17
desc	OG0005448	16	17	3	1	3	4	7	11	9	12	7	1	8	3	12	19	2	8	10	11
desc	OG0006442	348	3	3	3	3	1	5	8	8	13	7	16	5	11	7	5	3	10	7	12
desc	OG0005391	6	1	1	1	2	1	1	3	2	2	2	0	0	1	2	1	1	3	4	2
desc	OG0004684	17	9	7	2	3	2	12	31	27	10	16	9	20	7	9	9	8	27	13	12
desc	OG0005144	11	2	2	1	2	2	2	3	5	7	5	5	2	2	2	3	1	6	2	5
desc	OG0006676	12	6	10	7	6	21	31	28	28	8	17	33	4	25	5	8	19	24	26	26
desc	OG0006852	34	9	9	6	4	2	5	17	24	18	8	9	4	6	8	6	7	13	13	51
desc	OG0004069	3	2	4	1	2	3	2	6	7	4	3	4	2	11	1	3	2	5	3	2
desc	OG0000344	22	2	2	1	3	2	7	7	4	8	3	19	2	3	4	6	2	4	3	4
desc	OG0005641	22	11	5	2	4	3	8	11	14	24	29	16	2	6	6	13	6	24	39	28
desc	OG0000565	13	3	7	4	2	3	6	6	5	3	3	7	2	6	4	2	2	2	2	2
desc	OG0004111	12	2	1	1	2	2	4	3	2	5	3	2	7	4	2	2	3	4	3	4
desc	OG0007044	36	6	3	2	3	11	2	28	6	8	7	9	10	10	9	9	6	9	5	6
desc	OG0005395	17	2	2	1	2	2	4	9	8	5	4	2	2	2	4	3	6	10	6	7
desc	OG0006940	14	3	2	2	2	14	2	7	9	6	5	9	3	8	8	6	6	4	6	3
desc	OG0006835	29	5	6	3	3	3	18	10	10	10	12	32	2	16	3	12	13	12	10	16
desc	OG0006043	0	6	5	2	2	10	17	18	10	10	13	29	2	7	5	6	4	8	7	8
desc	OG0004708	25	19	6	3	2	5	10	30	26	10	7	30	12	11	8	19	8	10	11	18
desc	OG0005205	266	222	90	3	2	35	159	62	35	125	192	9	206	9	89	182	4	89	71	82
desc	OG0002646	10	10	2	3	3	1	8	13	8	6	8	3	3	1	3	4	1	14	8	8
desc	OG0001586	8	1	1	1	1	3	2	5	3	3	3	1	1	3	2	7	1	4	3	3
desc	OG0005430	11	2	2	2	3	2	1	8	9	6	4	6	2	4	4	5	3	7	4	8
desc	OG0003307	14	2	2	1	2	0	4	8	5	13	5	13	4	4	10	4	3	8	7	10
desc	OG0006656	48	10	21	33	5	12	20	27	23	28	21	218	8	17	12	18	4	39	24	35
desc	OG0005900	12	2	1	1	3	12	4	3	4	4	2	11	2	5	4	5	4	6	3	2
desc	OG0006204	4	3	2	1	2	4	1	2	4	8	4	15	1	4	7	4	2	4	5	2
desc	OG0006413	46	3	1	18	3	3	4	7	7	12	4	18	3	10	5	5	22	6	7	12
desc	OG0000906.1	5	11	2	1	3	1	7	12	22	6	8	4	8	1	7	2	1	10	7	11
desc	OG0006542	16	13	2	1	3	11	4	5	8	8	8	6	1	15	5	4	5	17	13	10
desc	OG0006722	32	27	16	4	7	20	12	50	26	14	21	25	11	13	13	28	14	27	23	26
desc	OG0004237	20	2	1	1	3	2	2	6	7	4	4	15	1	3	2	4	6	6	5	4
desc	OG0005685	6	2	5	1	2	1	6	11	8	7	6	3	7	6	2	4	2	11	20	14
desc	OG0002087	8	3	1	1	3	1	1	7	10	6	5	2	3	3	6	4	1	8	5	10
desc	OG0006787	16	3	2	1	2	4	5	14	12	7	10	11	8	5	15	3	5	14	10	12
desc	OG0002656	17	4	1	2	3	4	6	10	10	6	7	2	4	4	6	4	3	16	13	10
desc	OG0003959	0	9	14	5	7	32	33	12	14	15	19	48	6	29	19	15	27	28	27	16
desc	OG0004313	4	3	1	1	3	1	3	5	4	2	3	29	2	3	4	2	1	4	3	3
desc	OG0000804	6	1	1	9	0	5	1	7	4	2	6	10	2	0	7	2	0	8	8	5
desc	OG0005068	18	4	8	4	3	8	3	14	9	10	6	26	4	27	5	12	16	8	7	12
desc	OG0006522	15	3	3	12	3	1	4	11	8	7	13	60	2	7	4	7	18	12	13	11
desc	OG0007290	59	79	51	75	15	7	135	298	134	32	119	17	97	54	56	68	31	117	108	247
desc	OG0000156.1	4	0	7	1	2	4	1	4	4	3	1	13	2	4	2	2	1	8	4	6
desc	OG0003852	0	4	1	1	6	3	5	2	4	2	1	95	2	23	5	3	8	3	1	2
desc	OG0006087	13	2	4	2	5	96	12	5	6	4	11	6	5	16	13	6	10	12	9	8
desc	OG0007025	0	1	0	1	2	2	0	4	2	1	2	7	1	4	3	2	3	3	2	4
desc	OG0004130	3	3	0	1	2	2	1	2	2	4	2	3	1	1	1	2	2	4	3	2
desc	OG0002216	11	4	0	2	3	5	8	8	4	7	5	2	2	5	3	2	4	7	12	14
desc	OG0004104	9	6	2	1	2	1	7	8	8	4	5	14	4	1	6	4	1	6	6	4
desc	OG0005026	6	2	1	1	2	2	2	4	4	4	1	1	5	2	4	2	1	4	4	4
desc	OG0006045	30	9	13	4	2	3	11	12	11	5	15	18	10	8	9	9	7	20	13	12
desc	OG0005517	20	8	11	12	3	1	6	11	17	16	9	51	5	8	14	16	13	10	10	8
desc	OG0003653	12	8	7	3	2	1	9	18	14	16	19	7	5	5	3	10	3	22	35	19
desc	OG0007323	12	7	12	5	12	13	4	14	10	7	13	47	6	15	6	7	37	12	14	9
desc	OG0006497	15	2	5	3	4	2	7	16	11	8	6	6	5	5	3	6	7	8	9	7
desc	OG0006001	13	1	1	1	2	3	1	3	3	3	7	15	0	2	4	2	4	4	4	8
desc	OG0001338	61	6	3	12	4	1	6	7	8	8	7	28	1	4	5	3	8	8	7	8
desc	OG0006562	14	2	5	16	11	8	6	11	9	7	10	11	4	9	3	4	5	6	12	12
desc	OG0005400	15	19	5	12	3	1	8	21	18	14	15	14	8	8	9	7	4	19	21	19
desc	OG0004781	12	2	1	2	2	2	8	10	5	6	4	7	3	2	4	3	2	6	5	10
desc	OG0006217	56	14	11	6	2	4	26	45	28	8	27	20	35	5	46	29	4	28	33	30
desc	OG0004704	9	4	3	1	25	1	4	9	8	10	5	2	3	8	6	4	1	6	5	7
desc	OG0007255	5	2	2	1	3	2	6	8	5	2	5	5	3	2	8	3	6	4	6	26
desc	OG0004190	10	3	2	1	2	6	2	14	6	8	6	7	6	5	4	3	4	10	7	7
desc	OG0005468	3	1	2	1	2	1	2	6	6	4	4	1	2	1	4	2	1	2	6	5
desc	OG0004914	10	2	2	1	2	3	3	6	5	6	10	2	3	2	3	3	1	7	6	8
desc	OG0007018	7	3	1	6	2	3	8	3	4	5	7	11	3	4	5	4	3	5	4	10
desc	OG0006818	12	1	1	1	4	8	3	5	5	8	3	6	1	10	4	3	5	6	2	4
desc	OG0006757	27	11	10	4	2	2	19	19	14	14	17	35	8	18	6	26	26	19	18	24
desc	OG0005560	22	6	17	4	5	14	9	12	11	8	6	16	2	11	7	20	8	41	23	15
desc	OG0005551	8	1	1	1	2	1	2	8	7	4	4	3	3	2	5	3	2	7	5	4
desc	OG0004053	12	9	4	6	4	2	7	18	15	18	23	13	17	4	11	17	4	33	17	19
desc	OG0003351	7	4	2	1	1	3	3	7	6	2	2	8	4	3	4	3	2	10	10	8
desc	OG0006098	36	20	18	27	17	41	14	19	17	16	10	25	7	47	3	23	16	8	12	9
desc	OG0007211	3	2	1	1	2	11	2	7	2	2	3	3	4	2	1	2	4	4	2	2
desc	OG0002471	104	1	1	1	2	2	3	10	6	3	2	1	4	2	2	2	1	4	3	6
desc	OG0003278	12	2	8	1	2	1	6	8	8	11	6	5	6	3	5	5	2	4	5	9
desc	OG0007197	9	1	3	1	2	22	3	4	4	4	5	1	1	5	2	6	2	6	3	3
desc	OG0003433	16	37	62	43	11	23	60	57	41	60	24	415	16	28	64	70	17	18	82	26
desc	OG0006246	0	4	6	5	7	13	6	16	10	16	14	21	6	17	8	9	35	17	8	15
desc	OG0007260	14	11	15	1	8	10	8	7	37	34	13	12	3	20	17	24	26	29	22	14
desc	OG0004848	34	2	2	1	1	1	5	4	4	4	4	10	1	7	4	4	2	4	3	6
desc	OG0005425	13	6	2	2	3	1	19	13	9	8	6	5	3	7	4	7	2	11	11	10
desc	OG0002662	7	3	2	1	2	1	4	9	6	4	3	2	4	2	8	1	1	4	3	4
desc	OG0001174	5	5	1	1	2	1	12	14	6	6	8	9	1	4	7	5	3	29	8	9
desc	OG0003677	12	3	3	1	2	2	9	10	9	7	10	4	2	5	3	5	3	10	9	12
desc	OG0007189	32	5	5	6	19	67	7	17	20	12	15	48	5	38	13	19	25	18	23	18
desc	OG0006612	14	4	1	3	3	2	4	3	5	4	6	7	4	4	2	8	4	11	4	9
desc	OG0004855	8	7	2	1	2	3	5	11	5	6	5	4	5	3	10	7	3	8	8	6
desc	OG0004719	11	1	1	1	3	1	4	12	6	12	4	3	3	4	4	3	1	15	6	20
desc	OG0003186	6	2	1	1	3	1	2	3	4	4	2	2	2	2	2	2	1	3	3	3
desc	OG0002897	9	5	2	1	2	1	7	7	6	6	6	2	1	1	5	3	1	10	7	7
desc	OG0005291	38	7	4	1	5	4	6	24	12	3	7	40	6	3	2	8	5	7	3	5
desc	OG0001044	219	22	31	1783	93	1	33	150	112	222	124	248	78	45	121	57	372	46	84	66
desc	OG0006475	12	2	3	1	2	5	7	4	3	6	5	5	1	4	7	4	2	6	3	10
desc	OG0007092	106	36	32	15	7	10	33	50	64	26	23	7	18	27	22	47	26	30	48	44
desc	OG0003185	11	1	1	1	2	2	3	5	5	6	5	0	4	9	4	2	1	6	6	4
desc	OG0005028	5	0	1	1	2	3	3	4	2	3	4	1	1	16	1	4	7	4	4	7
desc	OG0004343	6	2	1	1	1	1	2	7	4	12	3	2	2	3	1	2	4	3	4	2
desc	OG0004099	9	1	3	2	2	2	3	4	4	2	4	1	1	3	4	1	2	3	8	4
desc	OG0006465	24	7	4	8	4	1	12	21	16	16	20	11	4	3	18	13	2	23	19	19
desc	OG0006511	17	5	3	4	2	3	6	11	11	16	12	9	2	10	4	6	6	18	10	13
desc	OG0005648	9	13	2	3	2	2	10	24	13	18	17	9	5	5	4	6	6	13	12	13
desc	OG0004068	15	14	2	5	2	1	7	21	16	8	18	6	11	2	3	7	2	19	11	22
desc	OG0000293	5	1	1	1	2	3	2	4	4	4	2	0	4	2	2	2	1	4	3	6
desc	OG0004017	10	4	2	1	4	1	4	12	10	10	6	2	4	3	10	5	1	14	12	15
desc	OG0001124	13	2	4	2	2	1	10	11	10	8	6	5	3	3	5	6	3	8	8	11
desc	OG0004757	27	2	2	2	2	1	7	7	6	7	5	3	1	2	7	3	3	8	6	6
desc	OG0005912	19	30	22	8	2	1	26	29	22	16	19	34	12	6	0	19	5	38	33	26
desc	OG0005835	7	16	78	91	3	8	79	47	23	16	15	15	7	34	6	35	5	15	75	128
desc	OG0004236	11	1	1	1	2	2	4	5	2	5	3	15	4	3	7	2	2	6	11	2
desc	OG0005698	26	2	3	10	7	7	6	8	8	9	6	10	0	13	8	4	15	7	7	9
desc	OG0004979	38	7	5	5	4	13	10	16	18	32	19	6	4	7	8	15	9	20	16	27
desc	OG0004097	11	6	3	1	2	1	5	20	18	9	11	4	10	2	4	5	1	10	16	17
desc	OG0006125	10	3	11	2	3	6	9	15	11	4	16	37	4	4	4	11	3	14	11	10
desc	OG0005671	40	16	65	3	5	1	50	30	8	12	18	87	12	18	9	61	15	18	23	8
desc	OG0000909.2	1	0	1	1	3	2	2	1	2	1	1	13	2	4	4	2	5	13	2	1
desc	OG0007353	0	17	10	1	3	13	16	15	22	4	17	8	4	16	3	14	8	7	15	15
desc	OG0000011	13	3	3	2	3	2	8	10	6	11	9	3	4	5	4	5	4	12	13	6
desc	OG0005572	11	3	4	1	2	1	10	16	14	11	8	12	6	4	3	9	6	24	14	14
desc	OG0000206	9	1	2	1	2	1	3	9	7	4	3	8	4	1	3	2	1	5	3	3
desc	OG0006056	22	3	3	1	4	10	8	32	18	5	17	3	3	3	8	15	2	20	7	22
desc	OG0006081	4	2	2	1	2	3	2	8	4	2	2	2	2	2	1	3	7	2	3	4
desc	OG0001242	60	15	13	1	4	3	23	34	16	8	15	39	3	13	12	21	9	15	30	40
desc	OG0006873	12	9	10	2	3	3	15	15	17	15	17	26	8	3	5	6	11	18	15	18
desc	OG0006659	14	5	5	2	4	3	4	10	11	4	8	70	2	7	6	6	6	12	18	12
desc	OG0004891	13	1	2	0	3	2	6	6	2	6	3	2	1	1	2	3	2	4	4	6
desc	OG0006235	35	3	6	2	2	3	12	14	11	6	6	20	2	6	5	12	10	13	22	12
desc	OG0003927	8	1	1	5	2	6	0	3	4	4	5	5	1	5	2	1	9	4	3	3
desc	OG0001108	22	13	16	2	5	6	10	15	16	18	13	23	5	6	2	16	7	16	14	17
desc	OG0007237	38	8	10	4	6	7	10	13	13	8	17	4	6	6	12	13	4	13	21	17
desc	OG0007321	13	3	7	2	2	79	11	6	15	4	13	16	8	7	15	5	9	8	6	6
desc	OG0003646	4	1	2	2	3	1	2	4	4	12	1	7	1	2	5	1	2	2	2	2
desc	OG0004752	76	33	25	3	10	2	32	57	57	42	25	116	25	35	8	42	37	49	31	30
desc	OG0006615	22	5	1	4	3	4	6	19	12	8	19	14	4	5	7	15	5	18	17	20
desc	OG0004027	7	4	1	2	2	1	7	17	18	12	12	2	8	3	6	3	1	12	17	13
desc	OG0002473	0	9	6	3	4	1	19	28	20	14	13	6	7	4	5	11	3	22	17	22
desc	OG0004702	23	7	2	4	25	1	18	18	25	18	8	18	7	35	14	8	8	14	9	10
desc	OG0005124	0	4	1	1	4	2	6	9	5	2	4	2	5	5	5	5	20	6	9	7
desc	OG0002044	13	2	1	1	1	1	5	5	7	10	4	1	3	3	3	5	1	8	7	10
desc	OG0004198	12	13	5	1	2	3	11	14	12	12	16	18	7	6	7	6	4	26	21	26
desc	OG0004410	12	4	5	7	2	10	4	14	15	6	9	3	4	15	14	10	8	14	8	6
desc	OG0004093	11	2	1	5	4	2	3	4	4	3	3	11	4	5	6	2	9	4	5	4
desc	OG0003737	3	1	2	1	2	1	4	5	5	10	4	5	4	7	2	2	5	5	5	4
desc	OG0007011	8	15	42	1	1	26	24	24	11	6	20	2	4	6	13	12	7	39	16	36
desc	OG0005668	16	5	1	1	4	1	4	10	10	2	4	6	2	4	4	9	3	2	2	3
desc	OG0006890	5	6	1	2	2	2	8	8	6	4	6	9	5	3	17	6	4	7	9	4
desc	OG0007166	32	10	5	2	3	5	9	12	10	10	12	13	11	14	5	10	3	16	16	14
desc	OG0005514	3	3	1	1	2	1	2	6	7	12	6	5	4	1	1	4	1	5	4	5
desc	OG0005981	0	7	11	2	2	7	10	16	20	7	9	24	13	3	8	12	2	10	9	12
desc	OG0006099	20	8	15	5	5	4	8	13	10	10	18	37	3	10	8	4	11	35	26	34
desc	OG0002559	130	18	41	1	55	2	29	85	78	14	50	0	35	56	18	93	122	54	38	37
desc	OG0006996	6	2	4	1	2	4	16	7	4	2	6	3	1	3	4	2	3	11	7	10
desc	OG0003645	32	21	9	2	4	1	62	66	45	45	53	12	62	10	38	17	2	58	56	80
desc	OG0004486	13	2	1	12	3	4	1	2	4	4	3	2	3	7	3	1	6	3	3	3
desc	OG0006943	14	8	3	1	2	4	8	13	16	13	12	20	8	4	7	4	9	14	9	7
desc	OG0002629	10	1	2	9	2	3	6	9	8	6	12	2	2	9	4	4	1	8	11	20
desc	OG0000163	39	3	3	3	5	2	3	5	8	18	6	20	0	8	8	6	20	8	16	8
desc	OG0001557	16	5	38	1	10	8	4	16	54	22	5	39	30	26	8	11	27	6	4	10
desc	OG0005886	8	1	2	2	4	2	8	9	8	4	5	8	8	8	3	6	3	8	5	8
desc	OG0005107	26	20	15	8	4	3	19	40	47	42	32	12	14	11	16	29	14	58	57	36
desc	OG0004085	4	5	1	2	2	2	4	12	10	7	12	7	2	2	3	3	1	16	19	20
desc	OG0005565	10	2	1	1	2	2	2	4	5	4	2	1	1	3	3	2	1	3	4	4
desc	OG0005512	9	3	2	1	2	1	5	12	10	6	7	4	5	2	4	3	2	15	5	9
desc	OG0005935	30	12	3	1	2	2	3	18	17	22	11	0	17	7	3	16	4	5	5	14
desc	OG0005115	28	12	4	1	3	9	9	17	11	13	10	18	2	9	5	9	4	15	12	16
desc	OG0006878	37	2	4	1	2	3	2	5	10	6	6	3	6	4	1	4	2	6	3	6
desc	OG0002345	5	8	7	1	4	9	8	5	14	4	2	66	2	8	5	6	5	4	2	4
desc	OG0007227	50	10	32	6	6	3	37	24	21	13	61	63	4	11	12	45	22	22	48	36
desc	OG0005453	12	3	3	3	2	2	6	8	10	7	6	4	17	4	8	3	2	8	8	9
desc	OG0007318	36	1	2	4	3	8	1	4	4	3	2	0	1	9	7	2	28	2	2	3
desc	OG0006936	11	3	10	2	2	2	7	14	27	4	5	5	2	6	9	4	4	5	8	7
desc	OG0003385	0	28	6	18	6	6	18	24	20	9	28	36	8	22	17	31	14	17	17	15
desc	OG0005639	8	9	5	5	4	5	14	12	8	12	8	25	3	14	13	6	4	14	32	20
desc	OG0004794	5	2	4	1	4	1	4	16	7	9	6	3	8	5	3	3	8	9	13	9
desc	OG0002258	1	1	2	2	2	2	0	2	2	9	1	1	0	5	4	2	3	2	4	7
desc	OG0002651	12	3	2	1	2	2	11	15	16	13	8	3	18	3	6	5	2	17	12	20
desc	OG0004154	7	2	2	1	2	3	8	5	4	7	6	1	6	2	6	3	1	8	5	2
desc	OG0006084	8	1	2	1	2	3	0	3	4	2	3	0	2	5	5	3	1	4	3	4
desc	OG0004994	18	2	3	1	2	1	4	5	7	6	5	8	5	2	4	3	2	6	5	10
desc	OG0005796	0	3	2	5	2	1	8	7	9	8	6	24	2	4	2	4	3	6	6	10
desc	OG0006114	41	3	3	10	6	3	7	21	13	9	13	16	4	16	11	7	34	14	10	10
desc	OG0007350	0	5	11	1	9	15	12	23	24	13	25	6	20	7	3	12	18	13	12	22
desc	OG0005899	0	5	5	2	3	3	5	7	6	4	5	5	3	3	0	6	6	7	8	12
desc	OG0003827	71	83	87	114	85	130	48	52	56	42	37	204	29	45	95	103	38	53	49	37
desc	OG0005175	25	5	3	3	4	2	20	14	15	16	11	10	6	10	7	8	8	16	13	10
desc	OG0005109	4	1	1	1	2	2	1	3	2	4	7	3	1	3	2	2	2	8	12	10
desc	OG0007204	6	2	2	4	6	14	4	13	5	3	12	11	3	3	6	8	4	3	3	9
desc	OG0005196	25	32	26	3	2	5	13	35	28	25	42	11	8	2	8	48	17	22	25	27
desc	OG0005524	35	15	9	2	4	1	19	23	17	14	20	11	16	9	13	16	9	28	29	26
desc	OG0007219	29	4	3	2	3	23	12	22	10	8	11	12	4	7	3	6	6	10	14	11
desc	OG0003283	8	1	2	1	2	1	12	9	8	6	2	5	4	5	4	6	5	19	9	6
desc	OG0002891	23	4	1	3	3	1	6	8	8	10	9	4	4	6	6	5	6	18	14	19
desc	OG0004172	6	7	7	2	2	2	10	12	8	7	6	16	7	3	0	6	2	8	17	10
desc	OG0004736	8	12	3	3	2	1	4	9	8	7	10	6	1	2	4	3	3	8	5	8
desc	OG0004725	14	4	3	8	5	1	8	10	18	20	10	8	9	3	9	4	4	16	9	14
desc	OG0004637	9	4	3	6	8	1	2	12	10	11	10	8	6	4	21	8	3	14	14	13
desc	OG0007342	22	18	11	7	8	64	13	26	16	17	15	43	3	21	8	18	23	8	7	9
desc	OG0004897	125	27	17	23	5	1	78	64	63	30	37	24	50	9	110	51	6	38	53	66
desc	OG0004712	12	2	2	2	2	1	14	8	10	13	9	6	2	5	5	6	3	16	14	19
desc	OG0001979	25	3	11	13	6	3	23	30	44	54	51	12	15	24	32	14	7	69	28	50
desc	OG0000247	5	6	2	1	1	2	3	7	5	6	3	1	4	2	1	3	1	8	6	6
desc	OG0004259	14	3	3	6	3	3	12	22	16	8	7	8	5	5	7	5	5	13	19	12
desc	OG0003197	21	1	1	2	4	3	4	6	6	4	3	38	2	7	2	2	3	8	5	4
desc	OG0005475	28	4	4	2	3	4	7	17	13	12	13	11	5	13	7	8	11	10	9	15
desc	OG0007355	0	3	4	2	2	10	30	10	6	2	21	23	3	6	9	7	2	9	4	19
desc	OG0005770	13	7	5	2	2	3	6	13	6	10	11	3	4	4	7	10	4	8	8	10
desc	OG0003306	4	0	1	1	2	4	1	4	4	3	4	3	6	1	3	1	1	4	1	4
desc	OG0005058	96	33	47	132	212	106	149	707	501	33	495	141	10	271	13	32	260	987	346	700
desc	OG0005238	0	9	16	6	12	9	12	17	12	19	22	36	11	22	6	26	48	26	23	24
desc	OG0004145	31	14	6	5	6	3	17	24	24	28	22	40	14	15	10	14	9	18	23	30
desc	OG0005948	5	1	1	2	2	2	3	4	5	4	4	7	1	2	2	4	9	4	3	4
desc	OG0004222	16	1	1	2	3	3	2	8	4	3	3	6	4	2	2	1	5	5	4	4
desc	OG0005509	11	2	2	1	2	0	4	5	4	8	3	6	2	2	8	2	1	6	9	8
desc	OG0006597	12	4	2	2	4	3	11	15	12	11	9	39	5	8	4	7	8	10	5	13
desc	OG0004439	5	0	1	1	2	1	3	3	6	10	1	3	2	4	3	2	2	2	1	3
desc	OG0005895	37	11	9	7	4	4	15	18	16	16	19	14	8	7	13	18	6	19	23	23
desc	OG0004658	14	4	3	2	2	1	3	8	6	6	3	4	2	3	5	4	2	6	6	8
desc	OG0004639	20	4	2	12	5	1	7	11	11	12	11	17	4	5	8	5	4	9	10	10
desc	OG0006982	64	3	11	24	5	7	8	13	12	21	10	12	10	5	9	10	22	10	16	14
desc	OG0005867	22	2	3	1	2	13	4	5	5	6	5	14	1	10	5	3	9	4	5	11
desc	OG0003799	4	4	2	2	2	4	8	7	4	6	4	5	2	7	3	3	2	5	2	6
desc	OG0004381	9	2	1	1	2	5	3	2	2	4	1	2	6	6	3	1	3	1	3	4
desc	OG0005703	70	7	7	4	5	4	29	25	19	11	27	6	11	1	18	20	3	38	37	38
desc	OG0006393	16	12	8	6	7	3	10	49	34	12	12	20	5	28	11	26	11	18	14	20
desc	OG0003564	7	4	1	1	2	1	4	9	9	4	5	2	3	2	5	2	1	8	7	7
desc	OG0006804	12	2	2	1	2	3	5	7	4	5	4	8	2	3	3	3	2	4	4	6
desc	OG0005946	8	1	2	1	2	5	1	17	4	6	6	9	3	7	2	3	1	4	4	4
desc	OG0004202	4	2	1	1	1	1	1	4	3	3	3	1	2	3	2	1	1	5	3	3
desc	OG0002613	4	1	1	1	3	2	3	4	5	10	2	0	3	3	3	1	1	2	3	4
desc	OG0004138	8	1	1	2	2	2	3	8	8	4	3	10	4	2	4	1	1	7	8	4
desc	OG0006378	6	4	2	1	2	1	5	7	6	2	2	4	2	3	8	4	1	2	4	10
desc	OG0000961.1	0	1	2	1	1	1	2	3	4	6	2	10	0	2	3	2	2	3	2	6
desc	OG0006854	15	6	4	5	3	2	6	27	19	10	15	6	8	9	4	9	28	11	11	12
desc	OG0006222	8	5	3	1	3	6	8	8	7	7	10	6	4	4	0	8	4	7	9	6
desc	OG0005866	8	4	7	2	3	5	8	10	6	6	62	18	5	3	5	6	2	12	9	12
desc	OG0007009	3	2	2	1	2	3	2	3	3	3	3	5	3	3	3	2	2	142	1	3
desc	OG0005567	10	2	4	6	4	5	8	11	11	6	7	7	4	8	3	4	4	10	11	12
desc	OG0006935	10	2	3	4	2	3	7	7	6	3	4	15	1	5	3	4	5	8	6	6
desc	OG0007293	56	84	56	44	24	51	52	30	32	50	83	138	11	45	33	71	20	66	16	47
desc	OG0006190	25	6	23	3	6	11	52	31	14	3	18	73	10	6	12	2	6	23	34	21
desc	OG0006503	7	2	1	1	1	1	3	5	3	4	3	11	3	2	4	2	1	4	3	6
desc	OG0002901	8	5	3	1	2	1	7	11	9	7	7	2	5	1	9	7	1	11	5	5
desc	OG0006799	16	3	1	2	2	2	2	5	4	3	5	18	3	2	3	3	9	2	4	6
desc	OG0003189	8	2	1	1	2	2	12	11	8	4	1	4	19	5	4	2	4	7	8	8
desc	OG0005985	4	1	1	1	2	3	0	1	1	1	2	5	1	4	1	1	4	3	1	3
desc	OG0003012	2	1	1	2	2	51	1	2	2	2	1	2	1	2	3	1	1	2	2	4
desc	OG0006445	12	5	3	2	3	3	7	13	16	8	5	3	5	10	15	6	7	10	8	10
desc	OG0005868	20	10	6	4	5	5	20	19	38	6	11	33	13	8	7	10	7	15	14	19
desc	OG0003267	8	2	1	1	1	2	3	18	12	10	3	6	4	4	4	2	1	2	3	4
desc	OG0003612	4	1	1	1	1	2	1	2	2	2	1	7	0	2	1	1	0	1	2	2
desc	OG0002114	14	2	4	5	2	2	9	19	27	8	14	7	8	7	6	5	2	32	21	13
desc	OG0006064	24	6	4	1	2	6	9	16	11	4	14	5	6	4	7	11	4	14	10	12
desc	OG0005800	13	4	2	2	2	2	10	10	10	5	6	22	5	4	7	8	4	8	9	8
desc	OG0002672	11	2	0	0	1	4	2	5	5	4	3	0	3	2	3	1	1	4	2	5
desc	OG0005763	20	20	17	6	4	14	57	23	18	16	11	5	7	9	9	14	12	21	17	32
desc	OG0006501	31	1	2	4	4	4	4	7	5	11	4	23	2	10	9	6	6	9	8	8
desc	OG0007201	7	3	3	3	5	7	11	11	7	4	4	8	8	6	9	12	9	6	5	6
desc	OG0005032	20	5	5	1	2	1	8	11	15	15	16	7	10	3	2	7	3	14	13	18
desc	OG0005569	50	4	7	27	10	8	4	18	18	12	8	15	5	26	7	11	10	10	11	11
desc	OG0005186	44	6	2	1	4	8	8	10	11	1	7	3	1	5	5	7	4	8	4	11
desc	OG0003897	15	9	5	5	8	4	6	18	16	6	9	30	8	9	16	2	7	5	4	6
desc	OG0002909	10	6	2	2	2	1	8	7	7	5	16	5	4	3	10	8	4	23	7	10
desc	OG0005812	21	11	18	6	6	2	4	77	22	12	28	1	15	10	46	104	15	46	0	22
desc	OG0001190	183	5	26	1	10	2	21	37	58	44	30	12	16	11	5	11	7	27	14	44
desc	OG0006356	12	6	2	3	3	1	16	14	14	9	10	2	6	3	6	4	1	15	9	15
desc	OG0001954	8	3	2	4	10	2	4	7	4	3	4	0	0	11	4	3	17	4	5	11
desc	OG0000495	6	3	3	1	2	1	6	15	14	8	7	0	10	2	2	2	1	10	7	7
desc	OG0000645.2	1	1	1	1	2	1	2	5	4	3	1	1	1	1	2	1	0	2	2	3
desc	OG0003442	14	3	5	2	2	6	4	8	8	1	5	5	4	4	4	7	7	7	5	8
desc	OG0005217	11	3	3	1	4	5	5	22	26	12	10	10	12	5	44	14	4	16	23	10
desc	OG0005181	3	2	1	1	2	2	5	9	6	2	3	7	9	3	4	1	3	2	2	4
desc	OG0003169	10	5	2	1	2	1	11	15	11	9	7	5	5	3	7	4	1	14	12	12
desc	OG0003470	10	5	2	1	2	2	2	9	6	2	3	4	2	2	0	2	1	2	1	3
desc	OG0002610	8	1	1	1	3	2	3	7	6	10	6	3	3	2	5	2	2	11	5	5
desc	OG0002770	2	1	2	16	3	10	28	11	4	1	4	20	1	8	2	1	11	3	8	10
desc	OG0005083	7	2	3	1	3	1	1	4	4	6	3	13	2	3	8	5	3	5	5	6
desc	OG0005467	38	3	3	4	3	2	6	20	14	9	9	10	10	3	4	7	4	14	10	11
desc	OG0004491	57	10	20	15	7	27	14	44	46	27	52	46	3	15	0	43	26	41	64	64
desc	OG0006944	19	3	2	1	2	2	3	10	12	10	8	5	13	5	11	5	5	8	7	8
desc	OG0003679	9	5	2	2	2	1	4	11	6	6	9	3	4	6	8	7	4	12	10	9
desc	OG0005482	26	7	11	6	7	2	14	32	34	20	20	17	14	16	22	10	15	25	27	31
desc	OG0004387	50	9	17	56	16	3	27	28	24	18	49	99	9	52	11	27	47	28	27	37
desc	OG0004208	15	4	2	2	2	2	4	9	16	8	7	9	4	5	2	6	2	16	5	8
desc	OG0002518	14	2	4	14	3	5	2	2	2	4	4	2	0	5	4	4	6	6	4	6
desc	OG0005883	9	7	9	1	4	3	7	8	6	4	5	14	1	5	4	9	11	10	4	10
desc	OG0006197	18	10	33	8	7	12	31	29	13	6	27	71	7	8	7	9	7	16	47	30
desc	OG0005163	7	5	1	1	2	1	2	7	3	3	2	23	2	3	6	1	7	13	4	6
desc	OG0002612	2	2	1	1	2	3	4	2	2	4	2	4	2	1	2	2	0	4	4	2
desc	OG0006900	40	7	7	13	4	6	7	11	9	9	8	35	6	7	14	11	24	15	11	7
desc	OG0004412	4	3	5	1	2	0	12	6	8	3	3	2	2	3	3	5	6	4	8	6
desc	OG0007168	16	18	8	9	3	11	10	8	10	8	12	114	4	10	4	20	13	10	9	10
desc	OG0004143	4	2	1	1	2	2	5	2	2	8	2	13	2	17	6	3	5	2	1	3
desc	OG0006768	24	8	6	6	7	4	10	17	12	19	21	13	5	17	4	15	11	24	16	18
desc	OG0002778	5	2	1	2	3	1	2	5	5	8	5	6	1	2	7	4	2	12	4	3
desc	OG0002119	13	4	1	4	3	2	17	17	12	8	13	7	14	6	9	6	2	25	12	15
desc	OG0005705	19	17	5	2	2	2	12	11	14	12	23	6	4	1	1	7	4	22	50	37
desc	OG0003861	11	1	1	1	2	5	5	3	3	3	6	10	2	4	2	2	1	4	5	3
desc	OG0000917.1	15	5	4	2	4	5	3	8	6	7	10	3	2	9	7	4	6	10	9	15
desc	OG0002934	3	1	1	1	2	3	3	4	3	2	3	1	0	2	3	1	2	4	3	4
desc	OG0006686	15	2	4	4	5	3	6	8	9	10	5	9	4	13	8	12	11	7	10	9
desc	OG0003552	18	4	5	13	2	1	6	8	6	8	11	6	4	2	3	4	2	11	15	14
desc	OG0005826	7	1	2	1	2	2	6	4	4	4	3	3	3	2	1	2	7	5	4	5
desc	OG0006117	4	1	3	2	2	3	1	2	2	2	3	5	1	3	1	2	2	3	2	6
desc	OG0007173	8	3	4	3	1	4	12	9	13	8	6	8	1	5	7	7	7	9	12	6
desc	OG0007266	15	6	7	3	2	2	9	12	9	8	14	20	4	8	5	15	15	7	6	7
desc	OG0005579	6	2	3	1	5	4	7	6	6	6	6	8	4	17	2	6	8	6	3	7
desc	OG0000511.1	8	4	1	12	4	0	3	2	2	6	4	8	2	3	7	1	4	9	5	8
desc	OG0002499	7	4	10	1	2	2	5	9	9	10	7	11	5	5	2	7	2	11	10	8
desc	OG0006665	24	4	4	1	2	6	10	10	8	13	14	6	4	6	13	8	6	12	11	15
desc	OG0003166	9	1	1	1	3	1	2	9	15	16	2	2	6	2	3	3	1	4	2	4
desc	OG0004021	16	6	2	7	4	3	8	12	12	13	8	5	8	3	8	3	1	11	9	10
desc	OG0006539	8	6	5	5	4	6	7	9	12	2	4	7	2	7	8	2	10	8	12	6
desc	OG0005955	31	4	5	4	3	3	10	10	10	18	12	28	3	17	6	15	10	10	11	22
desc	OG0002736	87	3	2	1	2	4	5	10	8	9	8	15	2	9	2	6	3	9	7	8
desc	OG0002124	82	47	9	1	7	6	9	23	62	21	29	14	8	14	10	9	10	37	33	57
desc	OG0004090	19	2	2	2	2	5	4	7	7	6	5	15	2	4	8	2	4	14	7	6
desc	OG0006702	4	1	2	1	1	3	4	4	3	4	6	2	1	3	3	2	2	11	6	9
desc	OG0006134	140	40	113	21	34	56	76	131	100	88	108	64	40	37	15	51	35	86	115	104
desc	OG0002922	7	1	1	1	2	1	3	3	19	8	4	2	19	2	3	3	2	6	6	6
desc	OG0007273	7	2	2	1	2	2	6	2	2	6	5	1	2	2	4	3	5	8	10	8
desc	OG0005840	19	12	21	59	30	3	8	15	17	12	16	10	6	32	39	14	12	22	28	14
desc	OG0006514	15	3	3	1	2	2	3	8	7	9	4	12	4	7	8	5	3	10	7	6
desc	OG0004943	4	2	1	1	2	2	4	6	6	6	6	4	2	6	2	3	5	3	59	3
desc	OG0005878	11	5	8	5	2	3	15	42	33	42	35	6	3	28	13	13	1	35	67	34
desc	OG0007185	18	4	3	1	2	5	6	10	6	6	8	45	0	7	7	7	5	8	7	9
desc	OG0005751	10	4	3	4	4	3	8	16	10	5	11	99	20	3	2	5	5	16	10	11
desc	OG0004311	7	1	1	1	2	2	0	3	4	3	1	1	1	2	3	1	3	2	2	4
desc	OG0005553	9	4	3	2	3	5	4	7	7	8	4	13	2	4	6	4	3	6	7	6
desc	OG0007283	5	3	2	1	3	55	2	4	4	4	5	8	2	7	3	4	3	8	3	3
desc	OG0003011	11	8	4	12	3	2	11	13	11	12	8	23	12	6	7	6	1	16	10	12
desc	OG0006466	8	7	1	1	5	1	3	15	10	6	10	5	4	3	4	7	3	13	12	7
desc	OG0003632	10	2	2	1	2	1	4	4	6	5	5	4	2	1	2	2	1	3	5	4
desc	OG0005632	18	3	2	3	3	2	6	8	7	8	16	7	3	5	16	4	4	13	13	14
desc	OG0002245	6	3	1	1	2	1	1	4	5	6	3	2	4	2	1	2	1	6	2	2
desc	OG0005732	16	3	4	3	2	1	4	3	4	6	3	8	2	3	2	4	2	4	4	4
desc	OG0001259	19	5	2	2	2	1	7	7	6	8	9	4	1	4	3	4	9	10	7	8
desc	OG0007131	31	36	41	3	16	13	27	11	12	16	30	14	13	21	43	51	12	26	36	31
desc	OG0006421	9	4	3	2	2	1	6	6	8	8	6	3	4	3	7	6	2	10	8	7
desc	OG0005195	56	6	14	44	2	28	30	162	90	39	163	2	13	12	10	27	3	272	55	236
desc	OG0005652	6	2	2	2	2	7	3	8	5	4	4	25	1	12	2	5	4	6	5	6
desc	OG0000854	5	11	2	1	2	1	7	6	4	1	3	14	1	2	7	2	3	4	6	5
desc	OG0005874	75	15	7	3	4	2	9	27	18	27	17	37	8	16	6	18	9	16	16	24
desc	OG0007152	14	1	1	1	2	5	6	5	3	2	8	3	1	1	1	3	4	7	6	4
desc	OG0004180	2	2	2	6	2	1	2	4	7	2	4	6	1	1	4	2	2	4	6	8
desc	OG0004088	11	3	2	4	2	2	6	19	15	16	10	10	9	3	11	9	1	12	14	14
desc	OG0003246	17	0	1	1	2	2	2	3	2	3	3	4	2	3	3	1	2	4	2	3
desc	OG0004157	19	3	3	3	17	1	12	17	15	12	11	25	8	15	24	6	7	16	15	17
desc	OG0003334	10	1	1	1	3	2	2	4	6	5	2	23	1	5	10	2	2	2	3	8
desc	OG0004642	11	2	1	1	2	1	2	9	6	6	4	2	6	2	3	2	1	6	8	6
desc	OG0004016	12	11	3	2	6	10	10	20	16	13	14	3	8	7	10	7	4	18	15	14
desc	OG0003640	53	8	4	7	9	17	20	14	7	8	9	25	2	19	11	6	17	15	12	14
desc	OG0007008	4	1	1	1	2	2	5	3	4	2	4	1	2	4	3	2	2	3	2	4
desc	OG0003213	8	2	1	3	2	1	3	2	4	5	9	14	1	5	5	3	4	7	2	4
desc	OG0000110	30	9	23	4	10	16	7	17	25	26	11	161	9	42	22	38	18	15	22	9
desc	OG0006518	8	8	3	4	3	2	8	13	10	8	12	14	7	6	7	6	2	14	17	17
desc	OG0003428	39	3	3	1	3	4	2	4	5	8	6	14	6	11	11	9	16	8	8	14
desc	OG0003707	5	2	2	1	2	5	3	8	5	4	3	6	3	5	4	3	2	8	7	5
desc	OG0006741	11	1	2	2	2	14	3	3	2	2	3	4	0	1	5	4	3	4	8	6
desc	OG0005716	2	1	2	1	3	1	4	3	6	4	7	2	3	1	2	1	2	5	4	6
desc	OG0006575	6	4	3	9	2	4	20	8	4	10	6	38	2	8	3	3	10	6	22	10
desc	OG0000215.2	4	1	1	1	1	1	2	2	2	3	10	10	1	3	3	2	3	2	3	9
desc	OG0000865.2	5	5	1	1	2	1	4	7	7	4	5	12	3	6	5	3	4	7	7	8
desc	OG0007305	24	9	2	3	6	4	7	19	8	6	9	5	4	4	3	10	11	7	6	16
desc	OG0006198	9	14	6	4	2	1	2	6	6	9	5	11	2	5	17	7	3	4	2	3
desc	OG0001784	4	1	1	1	2	1	3	5	5	4	2	1	2	1	4	1	1	3	2	3
desc	OG0006068	8	6	5	1	3	16	3	7	7	8	19	57	2	10	27	14	6	8	8	11
desc	OG0005296	15	4	6	1	7	8	2	12	10	14	11	4	2	8	8	12	7	8	12	14
desc	OG0004867	3	1	4	2	2	1	2	6	8	8	5	2	4	20	1	3	1	7	4	6
desc	OG0004051	50	7	6	5	3	1	13	28	14	11	17	24	8	6	15	7	3	14	17	19
desc	OG0006013	6	1	1	1	1	3	2	3	4	5	4	7	1	2	1	1	1	13	6	5
desc	OG0002626	11	1	4	2	3	1	8	12	13	10	6	8	12	8	5	5	3	9	11	9
desc	OG0001701	5	1	1	1	2	2	5	6	5	5	6	8	3	3	6	1	2	5	5	5
desc	OG0006828	6	3	3	2	3	5	6	9	6	8	4	1	2	5	5	2	3	7	5	8
desc	OG0003287	18	3	2	1	4	4	4	8	8	7	3	1	2	6	5	4	5	8	4	5
desc	OG0002231	4	1	1	1	2	3	2	4	2	2	2	4	1	3	2	1	2	2	3	4
desc	OG0004479	7	1	1	1	2	2	2	3	2	8	6	3	1	2	3	1	2	6	3	8
desc	OG0006692	12	9	6	6	7	6	5	15	12	10	7	61	4	7	7	18	10	8	8	8
desc	OG0003797	6	1	1	2	2	2	5	4	3	6	2	10	0	6	4	4	6	6	6	5
desc	OG0000525	47	18	20	36	12	18	32	27	22	18	31	110	6	33	18	25	42	36	33	30
desc	OG0001121	9	6	10	2	5	5	9	16	14	10	15	21	10	10	9	16	9	11	11	20
desc	OG0006536	13	8	8	1	2	5	17	11	17	16	19	5	2	9	15	14	2	26	22	21
desc	OG0001056.1	20	10	13	10	17	2	26	26	24	18	26	292	16	41	8	31	45	24	18	10
desc	OG0001060	19	10	9	2	4	18	13	24	32	14	14	8	6	19	6	16	7	24	19	20
desc	OG0001709	5	1	1	1	2	2	2	2	3	2	4	18	0	2	5	2	1	7	10	14
desc	OG0003708	3	1	1	1	3	0	1	3	4	2	3	3	0	2	2	2	1	6	4	4
desc	OG0005582	12	2	3	1	2	1	3	4	3	6	6	3	1	3	5	2	2	6	5	6
desc	OG0004997	10	2	3	7	2	1	8	9	9	6	8	30	4	6	7	5	16	10	6	14
desc	OG0002910	66	4	3	4	7	2	35	30	40	43	31	27	14	10	24	15	14	53	51	54
desc	OG0001065	17	10	6	4	2	2	18	9	11	8	16	10	6	5	9	6	6	10	9	18
desc	OG0003188	16	4	2	2	2	3	6	7	12	12	11	11	4	20	9	4	4	16	12	14
desc	OG0003855	17	2	2	1	2	6	12	11	12	10	8	10	2	3	5	7	2	8	6	10
desc	OG0006461	35	4	10	4	2	1	9	7	5	4	9	0	5	4	3	6	2	7	9	16
desc	OG0006025	29	23	39	2	4	18	11	32	26	16	9	52	10	16	17	30	9	8	12	25
desc	OG0007088	16	8	13	4	3	9	10	20	11	10	17	8	5	7	5	7	8	13	12	19
desc	OG0003443	3	7	15	5	4	13	19	10	5	20	9	29	3	8	7	28	12	6	9	8
desc	OG0004232	11	2	2	2	2	1	8	8	12	10	7	10	2	8	3	3	9	7	8	8
desc	OG0000288.1	6	15	25	10	2	1	43	35	19	9	37	5	5	6	10	21	5	21	76	40
desc	OG0007223	4	1	1	8	2	2	1	1	2	2	2	2	1	3	1	1	3	2	1	1
desc	OG0005969	8	4	6	1	3	3	7	6	6	3	4	17	1	10	1	3	7	4	9	6
desc	OG0004137	5	8	2	2	2	1	10	9	7	11	8	16	10	3	8	4	1	14	11	24
desc	OG0003542	13	6	1	4	5	2	8	13	10	9	5	5	5	3	12	7	3	7	7	8
desc	OG0002322	8	4	2	1	2	1	2	9	4	2	6	8	11	3	2	2	1	6	4	6
desc	OG0005293	14	8	10	3	3	20	25	13	11	6	7	79	7	24	14	10	45	9	6	12
desc	OG0007135	23	5	5	33	5	11	5	10	17	13	9	96	8	24	6	6	6	8	10	7
desc	OG0002698	5	5	2	1	3	1	2	3	6	4	2	7	3	2	3	3	1	4	2	5
desc	OG0006772	16	4	10	2	4	4	10	25	14	10	15	23	12	18	4	12	18	14	14	18
desc	OG0004831	13	2	2	1	2	1	8	8	7	6	3	1	1	2	4	2	2	5	4	8
desc	OG0002693	4	2	1	1	3	2	3	3	3	8	3	0	3	3	3	3	1	4	4	6
desc	OG0004238	14	7	2	2	2	2	4	12	8	11	14	28	4	4	0	5	3	17	15	31
desc	OG0006838	28	32	7	4	3	9	6	13	9	11	11	9	7	3	7	7	9	12	8	14
desc	OG0004964	4	9	7	1	2	2	17	21	8	10	15	2	3	3	2	3	2	10	26	18
desc	OG0003894	9	29	70	558	42	5	40	56	54	110	50	254	28	54	88	61	403	22	48	24
desc	OG0004499	15	9	2	1	2	43	6	9	7	6	4	11	4	2	2	6	2	5	3	4
desc	OG0005263	32	6	8	1	3	3	11	10	10	5	12	10	2	7	36	9	4	12	8	23
desc	OG0007027	18	12	12	34	24	26	8	19	12	21	23	53	14	57	7	17	19	12	11	15
desc	OG0004166	5	10	16	2	3	2	11	23	19	14	25	3	8	7	6	11	29	16	22	26
desc	OG0006858	12	4	3	1	1	5	5	9	8	6	6	7	5	2	9	4	3	7	9	7
desc	OG0002095	4	5	1	1	2	1	0	3	2	2	1	12	1	2	1	1	1	1	1	1
desc	OG0007013	25	7	5	4	2	1	9	11	10	27	16	17	5	3	6	4	8	9	8	9
desc	OG0004189	7	2	2	2	2	2	2	4	7	2	3	7	1	5	7	3	2	3	3	5
desc	OG0007209	11	18	3	2	2	10	4	8	7	6	5	8	3	4	3	6	4	10	3	7
desc	OG0001248	9	8	17	9	10	11	22	26	12	5	17	5	4	29	4	12	30	13	20	20
desc	OG0003529	8	2	1	1	4	1	8	10	7	4	7	0	2	2	5	4	2	12	12	11
desc	OG0003526	74	20	17	2	11	2	38	56	55	56	31	5	22	12	34	29	9	71	81	52
desc	OG0003214	11	3	2	3	3	1	5	7	6	6	3	16	2	4	5	3	1	6	4	4
desc	OG0004254	9	2	1	1	2	1	3	7	6	5	5	2	2	1	5	3	1	9	6	10
desc	OG0005848	22	4	3	10	2	4	14	8	9	10	9	33	4	6	17	12	11	9	10	10
desc	OG0004446	9	10	1	1	2	1	3	3	3	5	3	1	2	2	5	2	2	3	2	32
desc	OG0006744	10	4	4	5	3	2	6	11	8	4	6	2	3	3	3	5	3	10	7	4
desc	OG0002232	17	12	11	6	5	2	12	12	12	9	12	11	1	8	5	11	5	16	7	12
desc	OG0004391	6	4	3	1	2	4	4	5	3	3	3	8	1	3	14	5	4	7	6	4
desc	OG0006723	7	2	5	5	14	7	4	8	8	4	4	11	5	29	4	3	13	3	6	8
desc	OG0006679	33	8	8	3	2	4	13	21	17	18	15	5	5	19	3	13	3	9	26	9
desc	OG0004829	10	2	1	1	2	2	13	8	6	8	14	4	2	2	7	5	3	12	22	22
desc	OG0001806	4	1	1	1	3	1	2	5	6	6	2	1	11	1	4	1	1	4	4	4
desc	OG0006439	20	10	11	6	7	2	18	35	28	24	34	27	13	8	27	17	13	28	33	30
desc	OG0005704	3	0	1	1	2	1	1	0	2	6	3	3	2	1	1	1	2	1	2	2
desc	OG0005798	13	2	3	1	2	12	3	6	13	5	3	8	4	3	4	5	6	4	4	8
desc	OG0004861	10	4	1	1	2	2	2	7	7	6	7	2	10	3	15	4	15	6	4	8
desc	OG0006237	24	8	12	3	5	21	8	18	16	17	21	171	3	13	7	17	9	20	9	21
desc	OG0005481	9	14	15	2	2	2	24	15	18	9	20	16	7	3	3	7	1	14	19	28
desc	OG0007280	12	3	3	1	5	3	4	11	6	5	6	1	2	51	4	9	4	7	7	8
desc	OG0003535	11	1	1	9	3	1	4	6	6	6	5	14	4	3	37	4	2	7	7	5
desc	OG0004494	8	2	1	1	2	3	2	4	2	2	2	2	14	4	3	2	4	3	2	6
desc	OG0003171	6	2	1	1	2	1	3	8	6	4	5	3	2	2	5	2	1	9	7	6
desc	OG0006028	16	17	51	2	3	7	31	75	62	3	15	42	2	21	6	7	7	36	48	52
desc	OG0000913	18	2	2	1	2	4	5	14	9	5	7	16	4	2	6	3	1	7	3	4
desc	OG0003846	13	1	1	1	2	2	2	11	6	6	4	10	6	2	6	3	2	7	4	6
desc	OG0004135	4	12	3	2	2	3	2	12	8	9	5	8	2	2	10	3	3	8	4	4
desc	OG0005270	11	8	2	1	2	2	5	2	2	3	3	7	2	4	3	7	5	3	8	8
desc	OG0007232	24	6	24	2	3	18	14	13	8	10	18	17	2	4	11	11	12	18	28	24
desc	OG0006100	43	3	2	2	2	2	6	12	6	5	8	2	5	8	5	7	2	9	11	11
desc	OG0004042	8	1	1	2	2	2	2	2	2	4	5	5	0	3	1	1	1	4	3	3
desc	OG0007089	16	4	2	1	4	9	4	6	4	8	10	5	3	3	6	6	2	12	5	7
desc	OG0003562	4	2	2	6	5	5	6	8	7	7	4	3	4	6	10	3	3	8	8	6
desc	OG0005733	3	9	3	1	34	77	8	4	6	16	5	2	15	47	10	5	68	7	5	5
desc	OG0005500	4	2	1	1	2	2	3	4	5	4	3	1	2	3	5	1	2	3	2	4
desc	OG0003244	4	2	1	1	3	1	2	7	5	10	3	4	2	5	2	3	2	4	4	6
desc	OG0004882	28	2	1	1	2	1	5	9	8	4	4	5	10	3	4	3	1	6	4	6
desc	OG0007104	20	5	3	1	6	6	8	13	7	5	6	5	2	7	14	5	6	7	12	12
desc	OG0007149	3	2	3	3	2	5	5	6	5	4	5	8	2	4	4	4	6	4	3	4
desc	OG0005603	6	1	1	1	2	2	2	5	5	4	2	3	2	4	6	2	1	2	3	7
desc	OG0000215.1	4	0	1	1	2	5	1	3	3	8	2	9	2	3	3	2	3	3	3	5
desc	OG0004784	28	3	8	2	3	3	6	8	9	4	6	7	1	3	5	9	2	10	15	14
desc	OG0002787	15	1	1	2	2	1	3	7	4	2	2	12	10	3	1	3	8	9	3	5
desc	OG0003045	16	1	3	1	2	1	1	7	4	11	5	9	1	3	5	3	3	6	3	6
desc	OG0000533	16	12	2	3	10	28	10	16	10	6	16	22	2	18	5	9	26	23	14	10
desc	OG0003586	27	2	5	2	2	1	4	24	17	13	8	8	5	4	4	9	2	8	6	12
desc	OG0007292	18	2	4	1	2	4	5	4	6	2	4	9	2	5	2	5	7	1	4	2
desc	OG0007329	18	2	1	3	3	3	9	6	4	3	5	11	3	5	2	7	5	6	7	7
desc	OG0001018	38	4	7	1	2	6	3	18	17	17	9	7	1	14	3	7	4	6	16	22
desc	OG0006066	9	28	5	4	3	11	8	8	5	6	6	9	2	3	4	6	6	6	6	25
desc	OG0007042	92	28	19	7	8	21	35	64	47	26	33	94	13	20	21	51	41	38	30	35
desc	OG0006891	4	1	1	5	2	3	1	4	2	2	1	2	12	5	6	2	1	9	2	3
desc	OG0005684	3	2	1	1	2	1	2	5	2	2	1	48	1	2	3	1	4	2	3	3
desc	OG0006364	4	2	1	1	2	1	2	8	10	6	4	2	3	2	2	3	2	5	5	9
desc	OG0005880	20	2	5	2	36	7	4	6	4	7	8	13	1	9	13	5	21	15	6	9
desc	OG0002921	8	2	1	1	2	1	4	5	2	4	3	4	1	2	9	2	3	3	3	5
desc	OG0005162	18	6	5	2	2	5	12	18	10	4	7	3	6	4	10	4	7	10	10	14
desc	OG0001132	246	914	338	361	72	209	494	0	452	1380	781	201	779	254	533	1049	245	874	1185	706
desc	OG0004756	10	4	3	1	2	2	14	7	6	4	5	6	0	3	8	4	2	6	8	9
desc	OG0002077	4	2	1	2	3	1	4	6	4	4	3	2	1	2	3	4	2	6	5	6
desc	OG0003661	4	14	5	2	7	1	3	7	9	2	6	4	1	3	4	5	13	4	20	8
desc	OG0004853	17	4	4	1	3	3	10	13	13	11	10	4	6	3	10	6	3	13	10	16
desc	OG0006483	21	3	6	1	2	1	10	9	8	32	9	24	4	6	6	4	4	9	12	8
desc	OG0004710	18	12	15	3	5	2	14	23	19	16	12	36	6	4	29	8	10	25	19	12
desc	OG0004772	7	2	1	1	2	1	3	6	8	10	5	5	1	4	3	2	2	8	5	6
desc	OG0004421	139	20	37	27	3	7	65	82	110	78	143	42	85	15	21	35	7	169	114	84
desc	OG0002096	2	1	1	1	2	1	3	2	20	4	2	2	3	1	4	1	1	3	1	2
desc	OG0004201	14	5	2	2	3	9	1	5	4	4	3	36	1	7	10	2	5	5	4	14
desc	OG0005010	22	10	19	2	2	3	31	18	14	10	15	8	6	5	8	9	6	12	32	23
desc	OG0005554	6	1	1	1	3	1	1	3	4	5	3	5	2	3	1	2	2	3	2	5
desc	OG0007319	38	3	8	6	4	30	6	16	7	10	33	6	4	4	1	13	4	12	7	11
desc	OG0007012	8	1	1	1	2	1	5	3	3	4	4	6	1	4	3	2	2	4	4	11
desc	OG0001043	12	6	12	35	23	5	8	24	22	42	8	52	6	26	13	14	56	13	12	8
desc	OG0002876	9	1	2	1	2	1	4	5	4	4	3	1	3	3	1	2	1	4	2	4
desc	OG0004944	17	2	1	2	4	9	2	7	2	6	2	3	2	5	4	1	4	4	3	2
desc	OG0005491	15	3	2	1	2	1	6	6	4	6	4	5	0	5	3	4	5	9	6	6
desc	OG0006110	9	1	2	1	4	7	2	4	4	2	3	6	1	10	8	2	3	2	3	3
desc	OG0000522	0	14	11	19	13	55	14	37	35	16	23	53	19	34	16	19	44	24	21	24
desc	OG0005529	8	3	2	1	3	1	4	9	8	4	3	3	6	3	4	4	1	7	7	9
desc	OG0003845	14	10	3	1	2	1	5	8	8	6	9	4	3	5	4	3	6	10	8	16
desc	OG0005894	15	4	6	37	2	1	10	11	12	10	12	24	6	11	4	7	4	16	8	12
desc	OG0004095	26	1	2	22	5	2	6	6	5	6	5	9	2	23	4	7	13	8	14	10
desc	OG0004411	9	2	3	2	1	3	4	8	4	4	4	5	3	6	3	3	4	5	3	4
desc	OG0006564	9	3	2	1	2	1	2	5	4	8	6	7	2	3	5	3	5	6	4	5
desc	OG0006567	5	2	2	16	10	4	2	6	4	4	3	8	2	3	7	2	13	5	3	5
desc	OG0003191	5	2	1	3	2	3	5	4	3	6	4	7	1	2	4	2	2	4	4	4
desc	OG0005442	26	4	2	6	3	2	21	14	11	10	11	18	4	4	6	4	3	15	14	26
desc	OG0002734	6	3	1	1	2	1	3	5	4	4	5	14	2	4	4	2	2	4	5	6
desc	OG0003693	12	5	2	5	2	2	5	14	10	12	6	17	2	9	3	6	4	6	10	13
desc	OG0000237	20	4	7	10	2	2	12	14	12	12	10	6	3	3	8	3	4	20	17	20
desc	OG0005965	15	5	2	3	3	6	6	10	17	14	14	14	7	11	4	6	7	15	6	10
desc	OG0005519	11	2	1	2	3	2	4	6	5	4	4	11	3	4	2	4	4	6	5	6
desc	OG0005775	11	3	1	1	3	2	4	6	4	5	3	6	2	5	5	3	7	5	4	7
desc	OG0004816	16	5	4	3	5	1	5	18	19	15	10	17	6	10	7	9	9	11	7	14
desc	OG0005527	8	1	2	2	2	1	3	5	10	5	4	2	7	3	9	2	5	5	6	5
desc	OG0006710	20	2	3	2	6	5	3	7	9	11	7	4	2	17	4	4	27	4	5	4
desc	OG0005890	23	3	4	2	2	2	6	9	7	6	6	8	4	6	6	6	2	7	7	8
desc	OG0005502	26	5	4	2	4	3	9	17	17	20	9	18	10	10	8	8	8	11	10	16
desc	OG0002562	25	15	14	3	14	4	5	6	9	7	7	303	6	18	20	22	31	13	10	7
desc	OG0002102	1	0	1	1	2	1	1	1	2	1	1	4	1	2	4	1	2	1	1	2
desc	OG0004742	7	2	2	3	3	2	3	4	3	2	4	5	0	2	1	2	6	5	5	5
desc	OG0004013	16	1	1	62	7	2	24	9	8	10	8	10	4	6	7	3	4	9	17	16
desc	OG0005687	9	2	2	2	2	2	2	5	4	8	4	7	3	5	1	3	1	4	3	8
desc	OG0006546	29	5	3	2	5	6	6	19	14	8	11	21	4	16	9	5	15	14	16	12
desc	OG0005914	11	10	7	1	2	2	11	15	12	18	12	1	4	6	10	14	2	15	10	9
desc	OG0006450	13	4	1	2	2	5	4	10	9	6	6	8	3	4	3	6	2	5	5	8
desc	OG0005221	22	4	2	1	2	2	7	7	5	2	7	3	10	3	4	4	7	8	14	6
desc	OG0000535	16	6	7	7	6	3	10	17	10	8	15	62	5	8	18	7	11	18	8	20
desc	OG0000849.2	4	3	1	2	2	1	7	14	18	6	8	3	4	3	9	4	2	14	15	13
desc	OG0005984	27	2	3	1	2	3	4	6	6	4	5	9	32	5	5	6	4	15	8	5
desc	OG0003800	60	9	8	3	7	1	8	10	11	8	9	58	5	11	11	9	15	22	13	13
desc	OG0006170	54	10	8	4	7	38	18	24	21	14	23	40	8	25	10	32	25	20	20	20
desc	OG0003316	8	2	1	1	2	3	7	6	8	8	6	5	1	3	4	5	3	17	11	11
desc	OG0005607	71	7	4	2	2	2	2	26	16	4	7	12	10	2	7	4	5	8	8	8
desc	OG0005799	16	2	29	4	4	2	16	34	24	2	42	1	6	5	4	12	2	18	29	28
desc	OG0007228	34	1	1	1	3	76	6	3	3	2	4	15	1	6	9	4	10	4	3	3
desc	OG0006115	16	1	1	2	2	23	3	7	4	2	3	26	1	3	2	2	3	2	4	5
desc	OG0005404	4	5	1	1	2	1	2	5	4	6	3	1	2	2	3	2	1	3	4	4
desc	OG0004748	3	1	1	2	1	3	2	4	2	2	2	10	1	1	1	1	1	4	3	4
desc	OG0003716	1	0	1	1	2	3	0	2	2	1	1	2	2	1	0	1	1	2	1	2
desc	OG0004877	8	2	1	1	3	1	3	5	5	4	3	3	2	4	17	2	2	4	3	5
desc	OG0005757	8	2	1	2	2	2	3	5	6	4	6	9	2	4	9	3	3	8	9	7
desc	OG0005819	14	9	10	4	5	5	14	28	17	12	14	23	8	6	11	12	3	17	18	12
desc	OG0007085	10	2	9	1	2	1	10	53	25	9	17	29	12	2	18	5	5	31	28	36
desc	OG0005688	35	5	6	3	7	8	14	21	12	11	10	13	6	6	11	7	11	14	14	22
desc	OG0006874	14	4	7	31	17	9	12	9	9	8	12	34	2	69	7	6	12	11	14	12
desc	OG0000799.1	2	1	1	3	2	0	2	2	2	1	1	33	1	0	1	3	5	2	2	3
desc	OG0004512	84	126	76	43	29	71	95	93	70	79	135	160	76	127	29	105	62	103	103	60
desc	OG0003783	2	2	1	1	3	3	1	1	2	1	1	0	2	2	1	4	2	3	2	2
desc	OG0004652	12	4	2	4	2	1	4	15	16	16	8	15	8	2	6	4	1	19	8	14
desc	OG0005178	13	12	9	10	3	5	10	25	14	10	18	41	4	5	9	9	10	15	27	23
desc	OG0006913	5	1	2	2	3	3	4	3	4	4	9	9	2	2	3	3	3	6	6	11
desc	OG0004295	3	2	2	1	2	3	3	6	5	4	3	3	2	10	2	4	2	4	4	4
desc	OG0004463	6	1	1	2	2	24	2	5	2	10	3	3	0	4	3	2	2	6	2	5
desc	OG0007079	45	8	11	3	6	20	18	17	15	19	22	34	7	19	10	25	11	14	17	19
desc	OG0006650	9	2	1	2	1	1	5	10	4	4	2	3	5	2	2	3	1	10	11	3
desc	OG0003675	7	1	3	1	2	2	3	3	4	4	4	7	1	1	1	2	2	8	6	5
desc	OG0003426	63	21	106	3	4	15	126	140	86	62	195	10	28	19	21	42	10	172	176	215
desc	OG0006898	57	2	18	6	2	2	10	25	19	10	40	21	4	7	8	15	17	46	28	46
desc	OG0004876	13	3	1	1	3	1	7	11	8	22	8	16	6	4	4	5	6	8	6	4
desc	OG0005923	25	6	3	2	3	6	7	9	7	3	13	24	5	7	6	6	9	7	4	10
desc	OG0005737	10	4	1	1	3	2	5	23	22	15	7	2	12	5	3	5	5	14	18	7
desc	OG0001909	5	2	1	1	0	1	2	5	5	6	5	2	8	2	3	2	1	6	5	11
desc	OG0006463	16	6	6	2	2	1	4	12	8	5	7	33	2	2	4	4	1	8	7	8
desc	OG0005592	8	3	1	1	2	2	2	3	4	8	3	2	8	3	2	5	6	5	3	3
desc	OG0004164	4	2	1	1	2	3	16	12	4	4	4	1	1	2	8	4	1	5	6	6
desc	OG0003816	17	7	5	1	2	3	8	4	5	2	2	9	2	7	3	3	4	4	14	2
desc	OG0004487	16	3	2	1	3	5	0	10	8	4	11	6	5	6	6	6	4	9	8	8
desc	OG0006008	76	6	12	3	8	15	20	34	27	22	18	34	8	17	13	21	18	28	15	31
desc	OG0006664	23	8	11	25	2	10	4	16	17	11	15	25	3	18	9	18	19	16	17	16
desc	OG0004546	13	3	2	1	4	2	14	9	4	8	9	9	4	2	6	3	2	10	6	10
desc	OG0000391	7	2	2	2	2	2	7	10	5	2	2	4	1	3	2	3	2	4	3	7
desc	OG0005672	14	1	2	3	3	2	3	7	6	6	4	13	2	2	9	4	5	4	4	4
desc	OG0003357	12	6	6	2	2	3	5	5	4	4	2	5	0	4	5	2	1	4	5	6
desc	OG0006897	12	2	1	2	2	4	3	3	4	3	3	6	2	3	10	2	3	5	4	7
desc	OG0005776	12	1	1	7	4	1	2	7	6	4	5	4	5	4	8	3	5	10	7	8
desc	OG0004728	19	4	3	4	5	1	8	17	17	18	9	22	13	11	9	7	9	5	7	12
desc	OG0004854	11	2	1	0	2	1	2	5	4	4	2	18	2	3	4	2	4	6	2	5
desc	OG0004227	1	2	1	2	2	1	2	2	3	2	3	9	1	3	2	3	5	4	4	3
desc	OG0001604	15	3	3	1	3	0	3	7	6	11	5	0	2	9	3	3	2	5	5	9
desc	OG0006492	18	7	10	2	2	1	10	19	13	10	15	11	7	6	8	12	1	18	20	18
desc	OG0002412	13	2	1	2	4	2	24	11	8	12	7	6	6	7	18	4	2	12	16	11
desc	OG0000732.1	14	4	4	1	3	1	8	15	9	13	5	3	4	7	8	4	2	11	9	9
desc	OG0006138	26	7	18	24	30	114	8	6	9	30	7	437	2	52	8	15	127	8	10	6
desc	OG0004046	12	9	4	1	2	2	10	19	18	6	6	3	6	3	7	4	1	12	22	19
desc	OG0007123	8	9	13	20	6	4	11	30	16	10	13	6	15	9	4	10	18	29	8	28
desc	OG0000289	4	1	1	1	2	3	3	5	4	1	3	15	1	2	2	2	1	5	3	4
desc	OG0003572	5	3	11	1	3	2	3	6	5	6	7	8	3	4	4	7	3	5	5	7
desc	OG0006648	18	6	3	2	2	2	4	6	6	5	6	3	2	4	5	4	3	10	7	7
desc	OG0004060	11	6	2	1	3	1	7	14	10	22	11	2	3	5	9	3	3	22	6	14
desc	OG0005522	10	3	2	2	2	1	4	3	4	10	7	4	2	2	4	3	1	8	10	10
desc	OG0006000	11	2	1	1	1	1	3	13	8	2	5	23	2	6	3	4	2	8	3	10
desc	OG0005455	5	2	1	1	3	1	5	7	6	6	4	0	2	2	4	2	0	5	5	2
desc	OG0007174	76	11	6	4	4	5	34	20	18	12	28	8	4	8	14	17	12	31	47	41
desc	OG0004353	24	5	7	4	3	2	19	24	20	14	18	7	5	12	9	14	10	26	32	17
desc	OG0002989	16	14	7	1	1	1	8	28	16	16	13	4	8	5	6	20	3	16	5	14
desc	OG0003578	4	1	1	3	3	1	1	6	3	4	0	2	1	3	2	2	4	1	0	0
desc	OG0003596	20	7	1	1	2	2	6	14	10	11	11	11	2	6	6	3	1	12	8	10
desc	OG0002667	5	2	1	1	2	3	2	3	6	6	4	5	0	1	2	1	2	4	1	3
desc	OG0004671	11	3	3	1	2	1	4	4	4	4	5	7	2	3	4	2	3	6	9	8
desc	OG0006167	18	3	3	1	3	6	1	12	11	21	8	24	8	2	4	6	7	10	7	8
desc	OG0003272	18	2	2	2	2	2	7	7	7	6	6	17	4	3	5	4	1	9	6	10
desc	OG0004883	16	7	4	1	2	2	5	9	10	6	5	11	8	7	7	4	7	4	4	5
desc	OG0003441	30	3	3	1	2	8	7	13	14	10	9	42	8	3	7	6	3	14	6	13
desc	OG0001834	4	1	1	1	0	3	1	4	4	5	6	6	1	3	4	1	4	4	8	12
desc	OG0005127	3	1	1	1	1	4	2	2	3	2	2	5	1	3	1	1	1	2	2	2
desc	OG0004530	21	4	7	8	4	4	8	22	11	9	5	15	6	16	6	8	7	10	7	8
desc	OG0005656	7	1	1	1	1	1	5	5	4	5	7	4	2	4	4	4	9	9	12	11
desc	OG0007221	43	8	16	8	6	4	12	28	26	12	20	116	6	11	5	24	40	19	16	20
desc	OG0007198	18	7	8	2	3	3	4	8	8	10	13	3	2	2	4	8	5	24	15	31
desc	OG0004317	8	2	1	1	3	2	1	2	1	5	2	8	0	6	4	1	4	3	2	5
desc	OG0005126	28	4	3	1	4	2	16	22	41	27	19	16	28	10	40	6	6	42	28	20
desc	OG0001094	6	2	0	1	0	0	3	8	7	14	7	1	4	2	3	1	1	13	6	23
desc	OG0007111	5	10	13	2	3	2	4	6	4	3	3	17	2	5	8	12	10	8	7	6
desc	OG0004548	90	16	36	9	7	9	48	49	37	32	39	52	17	24	43	49	22	34	42	48
desc	OG0002875	4	3	1	14	2	1	7	5	3	5	2	3	2	2	4	2	3	4	5	6
desc	OG0006931	12	4	6	3	4	3	12	15	10	6	7	28	3	11	3	8	26	11	8	8
desc	OG0007115	19	9	4	1	3	6	5	9	8	4	7	4	2	6	3	5	8	9	7	6
desc	OG0006073	11	2	2	1	2	6	6	8	8	6	5	0	2	5	2	3	4	6	6	6
desc	OG0006565	7	2	3	1	2	1	5	9	7	8	9	7	2	4	1	5	4	10	6	7
desc	OG0004174	26	16	5	2	2	6	18	19	22	16	25	13	14	8	15	14	9	28	18	27
desc	OG0007153	20	1	3	7	2	9	13	7	6	8	8	2	6	3	2	8	8	9	3	4
desc	OG0005076	6	1	3	1	3	1	6	4	5	8	4	2	0	3	3	2	118	7	2	4
desc	OG0005746	2	2	1	1	2	1	2	4	3	4	5	6	2	1	3	1	2	4	2	2
desc	OG0007158	12	8	2	12	2	2	5	7	4	4	5	6	5	9	2	4	6	6	7	8
desc	OG0005235	4	0	1	1	2	3	1	4	2	2	1	1	1	3	3	2	10	3	1	0
desc	OG0000147.1	16	7	1	2	3	5	16	30	26	56	85	8	14	8	5	7	2	46	29	76
desc	OG0004907	13	2	2	2	2	2	3	17	9	4	5	14	7	3	13	5	3	8	5	5
desc	OG0006080	69	41	18	15	13	24	29	70	42	37	81	147	18	45	12	51	41	59	43	44
desc	OG0005575	9	4	2	1	2	9	4	10	11	4	11	21	2	6	6	4	4	11	10	18
desc	OG0000849.1	2	2	1	4	2	1	5	6	4	2	2	8	2	3	1	1	1	8	4	3
desc	OG0005059	21	11	22	2	2	10	8	17	12	10	18	11	3	8	6	18	21	21	26	18
desc	OG0001629	16	4	2	36	10	8	18	13	8	10	1	15	6	22	46	7	34	2	6	3
desc	OG0003072	3	2	2	2	2	5	6	13	6	1	10	2	5	5	6	4	4	4	5	10
desc	OG0003292	4	1	0	1	2	2	2	2	2	2	1	5	0	2	5	1	2	3	2	2
desc	OG0004167	2	1	1	4	3	2	3	3	2	2	3	9	1	5	1	3	3	4	4	3
desc	OG0007338	26	10	5	2	2	6	32	24	21	6	15	26	8	5	16	16	11	19	16	25
desc	OG0003624	7	2	1	1	2	2	2	2	6	7	3	5	2	3	2	3	2	4	2	4
desc	OG0006533	14	3	2	1	2	3	8	16	12	6	13	12	12	5	5	5	7	16	11	18
desc	OG0001596	10	1	1	1	3	2	2	5	3	2	2	1	1	2	3	1	1	2	1	3
desc	OG0003206	16	2	2	1	3	1	10	15	18	20	14	14	3	9	4	6	3	12	11	19
desc	OG0004518	35	13	17	5	5	6	18	27	33	23	22	45	13	25	13	28	14	21	22	19
desc	OG0000422.2	10	1	2	1	3	1	7	8	6	6	4	22	2	6	4	3	5	5	6	5
desc	OG0006493	86	20	12	28	33	11	100	52	56	60	54	56	14	68	10	39	82	62	76	88
desc	OG0002048	4	2	1	1	2	1	2	5	6	4	4	1	2	2	2	2	2	7	6	6
desc	OG0002439	16	1	0	1	2	1	1	5	4	4	1	1	2	2	1	2	1	1	1	2
desc	OG0000717	22	3	3	2	2	7	8	5	6	6	14	19	4	16	7	7	6	10	8	7
desc	OG0004426	3	0	1	1	2	2	2	2	1	1	4	11	0	1	1	1	1	2	1	0
desc	OG0007070	11	2	3	1	2	4	2	13	11	3	7	2	5	4	10	6	4	13	10	10
desc	OG0003408	102	3	14	7	16	1	16	125	121	4	63	61	11	9	5	12	1	84	60	114
desc	OG0003703	16	4	10	2	2	2	2	14	11	7	4	75	3	8	25	20	5	9	7	5
desc	OG0004863	22	3	7	2	3	2	5	6	4	10	7	15	4	6	9	4	5	10	13	10
desc	OG0002458	12	4	3	2	2	2	16	6	6	6	4	5	2	4	5	5	2	7	5	6
desc	OG0004423	8	2	3	1	2	2	5	3	2	2	4	5	1	2	3	2	2	5	3	4
desc	OG0005534	6	10	3	6	2	2	79	26	12	7	11	6	10	7	5	18	5	10	75	36
desc	OG0002928	8	1	2	1	2	4	2	3	66	4	2	10	1	5	1	3	2	4	4	5
desc	OG0003779	5	1	1	1	2	1	3	29	20	1	6	4	0	5	2	2	1	10	6	10
desc	OG0006090	25	6	7	3	3	13	8	7	14	14	14	6	1	9	6	15	15	16	11	12
desc	OG0006029	7	4	1	2	2	1	6	9	6	7	3	3	5	6	4	4	4	4	4	6
desc	OG0005212	5	2	1	1	3	1	2	5	5	4	4	9	2	3	1	4	2	5	3	5
desc	OG0006786	292	43	85	59	6	42	567	232	456	69	97	103	15	35	30	27	18	228	446	557
desc	OG0005823	13	6	3	1	3	3	10	7	10	6	8	14	6	3	3	4	5	8	5	6
desc	OG0002207	3	2	1	1	3	1	1	5	4	3	2	2	2	2	7	1	1	3	3	2
desc	OG0007124	15	2	2	1	2	1	3	8	8	10	7	5	2	4	10	5	3	7	4	6
desc	OG0004765	11	10	5	2	2	5	3	13	12	26	17	7	2	5	15	5	3	24	11	13
desc	OG0003781	3	1	2	1	1	3	4	3	2	3	3	12	1	2	1	3	1	4	4	5
desc	OG0001553	19	2	18	3	3	10	3	12	11	16	21	9	8	3	14	31	4	11	10	25
desc	OG0006921	107	12	12	9	4	3	15	18	31	19	14	59	6	22	12	16	30	12	17	21
desc	OG0007207	34	9	9	5	10	7	11	11	11	16	16	23	4	18	3	12	10	18	12	13
desc	OG0006756	12	1	3	3	2	1	6	13	7	4	8	3	2	3	5	3	2	12	5	10
desc	OG0003692	17	3	1	1	1	2	18	7	4	4	2	4	2	4	5	3	2	6	4	6
desc	OG0006909	16	4	1	1	2	5	2	9	6	10	5	2	2	4	2	3	1	10	6	3
desc	OG0003725	7	2	1	1	2	2	6	3	3	5	2	3	1	1	1	2	3	4	2	4
desc	OG0007262	14	6	7	3	2	14	11	6	4	8	10	30	2	2	3	9	12	7	16	9
desc	OG0005764	17	1	2	1	1	3	2	2	2	3	5	12	1	10	3	1	2	5	3	8
desc	OG0002542	50	24	20	38	8792	27	30	23	28	48	21	77	4	8	28	23	54	32	40	38
desc	OG0005422	1	1	6	1	2	2	3	20	8	44	2	0	2	4	5	1	3	1	1	2
desc	OG0005432	24	5	2	1	2	1	8	14	12	28	14	12	6	2	4	7	1	27	20	26
desc	OG0003219	20	1	3	7	2	4	2	4	2	6	3	9	2	1	3	4	3	6	7	7
desc	OG0005810	13	4	2	3	3	2	3	17	15	11	6	1	6	19	8	11	7	9	12	8
desc	OG0003749	10	7	2	2	2	1	8	6	8	6	3	7	3	3	3	5	4	7	10	6
desc	OG0004347	7	1	1	1	3	2	0	2	2	1	2	3	2	4	1	1	2	1	1	2
desc	OG0006561	18	3	4	2	2	4	12	11	10	14	10	13	3	2	0	9	3	17	9	15
desc	OG0004929	12	14	2	1	1	1	3	9	8	6	9	8	6	4	5	3	4	4	3	10
desc	OG0003170	15	2	1	5	3	3	4	5	3	4	2	5	2	1	4	2	2	4	3	4
desc	OG0003195	4	2	2	3	3	2	4	7	8	4	2	6	2	2	3	1	1	4	7	7
desc	OG0002706	8	1	1	1	2	2	2	2	2	8	3	7	0	2	4	1	3	2	2	4
desc	OG0006165	8	1	1	1	1	6	2	2	2	7	4	2	1	8	3	4	12	3	2	2
desc	OG0005497	13	2	2	1	2	3	6	3	4	2	9	3	2	2	2	2	2	6	5	5
desc	OG0007288	5	16	2	3	8	16	52	34	22	16	22	64	19	17	10	19	26	45	42	69
desc	OG0003373	76	17	56	7	4	3	38	37	40	24	60	28	14	8	23	25	7	76	70	48
desc	OG0002944	17	2	2	4	2	2	8	15	13	11	15	6	6	3	5	6	2	17	12	10
desc	OG0003598	10	2	2	1	4	2	5	7	4	4	4	15	3	11	2	3	12	6	5	6
desc	OG0004716	19	3	2	4	4	4	11	8	8	15	5	84	0	11	9	7	5	8	8	14
desc	OG0001963	57	17	9	4	3	5	30	55	26	38	36	7	8	12	12	26	4	49	33	42
desc	OG0007203	21	4	8	1	2	2	4	14	17	8	8	7	4	7	6	10	4	10	9	13
desc	OG0004786	3	1	3	1	2	2	6	5	7	10	3	3	3	2	2	3	2	7	4	6
desc	OG0004785	6	5	2	1	2	1	3	13	24	5	4	3	2	2	5	4	3	7	4	5
desc	OG0002445	5	4	1	1	2	1	16	7	5	4	7	5	3	4	6	12	1	15	9	13
desc	OG0007163	43	1	1	1	2	2	2	5	39	8	2	0	1	4	1	2	1	4	2	3
desc	OG0004683	3	4	1	1	1	2	3	6	4	6	8	2	5	4	6	2	1	8	3	7
desc	OG0006783	11	8	5	2	2	2	6	8	6	4	7	10	2	5	8	3	1	8	13	8
desc	OG0006519	52	8	17	3	13	11	13	13	13	19	17	25	4	27	19	16	5	14	18	18
desc	OG0004819	17	3	3	2	2	1	10	12	10	8	8	4	2	2	3	3	4	6	7	12
desc	OG0002065	4	2	1	1	0	1	4	6	6	4	3	3	5	2	3	2	1	4	2	5
desc	OG0005659	15	5	3	3	2	1	8	22	18	14	10	9	10	4	6	7	2	12	13	16
desc	OG0007137	11	3	6	19	2	14	10	25	12	7	7	37	6	5	9	11	13	8	9	9
desc	OG0007100	19	6	3	3	2	8	8	15	11	4	10	18	2	7	6	5	17	15	9	9
desc	OG0006732	12	2	1	1	2	8	6	9	7	8	4	14	1	6	3	6	14	7	5	9
desc	OG0004417	0	0	1	1	2	3	3	4	6	1	3	6	1	2	1	5	2	4	4	5
desc	OG0002671	10	2	1	1	2	2	2	3	3	8	8	4	1	4	3	1	3	6	9	6
desc	OG0006588	12	2	2	3	3	2	3	9	6	20	16	12	2	11	3	6	7	44	5	23
desc	OG0000859	15	3	3	1	4	2	6	5	4	8	9	13	2	51	7	3	6	12	7	6
desc	OG0000686.2	15	1	2	2	3	1	4	5	7	6	7	3	6	3	4	3	1	5	5	8
desc	OG0003761	5	2	1	1	2	3	4	13	6	8	2	13	4	3	2	2	4	4	3	5
desc	OG0003358	16	5	4	2	2	3	7	7	4	5	23	12	1	2	4	3	2	8	8	12
desc	OG0002035	1	4	1	2	2	1	6	5	5	6	6	1	4	2	2	2	1	7	7	8
desc	OG0000422.1	0	2	5	10	4	1	0	3	2	2	1	1	0	8	3	3	28	3	1	5
desc	OG0002987	14	12	13	1	4	2	18	13	10	15	14	62	4	12	9	6	6	9	15	12
desc	OG0007216	13	4	2	2	2	15	8	5	5	2	8	13	3	6	16	3	6	14	8	11
desc	OG0004152	19	6	7	1	4	3	26	12	12	8	17	7	5	6	4	9	4	11	34	25
desc	OG0004879	16	6	2	1	2	1	4	7	8	7	5	3	6	7	3	5	1	6	7	6
desc	OG0003354	4	1	1	1	5	2	2	0	2	2	4	7	1	4	3	1	1	4	3	3
desc	OG0004718	11	2	1	1	2	2	3	6	6	8	6	8	2	3	4	2	1	6	6	8
desc	OG0006760	14	1	1	1	2	4	3	4	6	8	6	7	6	5	8	3	8	4	3	3
desc	OG0005697	11	4	6	1	3	5	10	14	13	12	10	5	4	4	4	6	3	15	11	14
desc	OG0005714	6	1	2	2	2	3	4	7	5	4	2	5	2	3	1	1	3	2	3	2
desc	OG0000731.2	7	2	1	1	2	1	4	10	7	6	5	1	4	2	8	2	0	8	6	8
desc	OG0005099	32	6	6	11	2	4	16	35	27	12	28	11	5	5	3	9	2	65	33	48
desc	OG0004500	24	3	12	2	4	17	7	8	12	2	10	6	4	5	26	9	6	14	9	22
desc	OG0007289	14	3	4	2	2	6	6	7	7	6	7	12	4	6	3	7	4	4	6	9
desc	OG0004992	24	8	8	11	4	3	22	22	21	10	19	52	6	8	26	13	16	23	26	26
desc	OG0003473	3	5	7	7	12	11	22	23	16	124	15	15	25	26	4	10	9	23	15	12
desc	OG0001916	2	3	1	1	4	1	4	4	4	6	5	1	9	2	3	3	2	6	5	7
desc	OG0005624	12	3	2	2	3	1	4	5	4	4	5	7	2	2	6	2	3	4	3	4
desc	OG0002748	2	3	2	1	2	2	2	5	4	2	5	4	3	3	1	4	2	7	5	6
desc	OG0004450	11	4	1	1	2	2	1	3	2	1	1	40	1	2	3	1	3	2	1	2
desc	OG0004746	18	12	4	6	6	3	11	17	15	8	6	5	7	5	33	7	5	7	8	11
desc	OG0007242	3	1	1	1	2	11	3	5	4	2	5	3	1	2	5	3	3	8	5	4
desc	OG0001326	6	2	4	4	1	8	1	4	3	2	4	3	1	3	2	2	1	4	5	4
desc	OG0004303	13	7	2	2	4	1	4	11	9	4	7	23	3	6	4	5	4	12	8	10
desc	OG0000961.2	40	8	3	7	6	2	12	32	38	32	28	27	14	14	18	9	6	28	18	36
desc	OG0004266	5	1	1	1	1	1	2	2	2	1	1	7	1	3	1	1	2	2	2	2
desc	OG0005963	3	2	2	2	2	4	4	4	4	3	3	4	2	2	2	3	2	5	5	6
desc	OG0005038	41	12	1	2	4	5	6	26	8	3	6	3	4	2	2	4	5	25	6	12
desc	OG0005628	36	3	8	5	10	4	6	10	11	10	11	11	1	23	7	13	7	10	21	11
desc	OG0006502	9	4	3	11	3	2	17	8	7	5	7	8	8	4	4	3	8	9	13	12
desc	OG0003400	18	2	5	1	2	3	2	5	4	3	4	8	2	6	8	16	18	8	4	6
desc	OG0003639	11	2	1	7	2	3	13	15	10	8	12	12	4	3	2	3	2	9	11	13
desc	OG0005790	6	1	1	1	2	3	3	7	4	5	7	3	2	3	4	4	4	7	5	6
desc	OG0005780	8	3	3	7	2	1	5	10	7	7	7	18	2	3	2	4	9	10	7	10
desc	OG0002228	2	1	1	1	2	2	2	4	4	4	4	1	4	1	1	1	0	2	2	3
desc	OG0001682	6	2	1	1	3	1	3	6	6	7	4	3	2	5	4	4	1	6	6	6
desc	OG0004909	4	6	7	1	2	2	5	5	5	4	4	2	2	2	1	3	3	7	8	7
desc	OG0003850	5	2	11	1	2	4	6	5	4	2	3	8	4	4	0	2	3	9	2	4
desc	OG0005765	12	4	1	4	2	1	4	8	6	5	4	2	3	2	10	3	4	13	3	4
desc	OG0006975	13	2	1	1	2	1	3	4	4	6	3	5	1	3	2	4	2	6	4	6
desc	OG0003534	14	2	1	1	3	2	10	13	6	4	3	1	8	3	5	2	1	6	7	10
desc	OG0005139	10	2	4	1	2	10	8	10	4	2	4	10	1	2	3	6	7	8	3	13
desc	OG0003616	5	2	1	1	2	1	2	3	2	2	2	5	2	2	2	1	2	2	4	6
desc	OG0006619	12	3	5	6	3	25	3	8	8	10	7	29	6	5	9	5	4	9	12	8
desc	OG0005434	6	2	1	6	2	1	5	6	6	6	4	7	2	2	5	2	1	6	5	7
desc	OG0005521	20	15	12	3	4	3	25	22	22	20	23	15	16	11	10	15	5	26	22	22
desc	OG0004019	6	1	1	2	2	1	6	9	8	6	7	2	4	2	4	3	1	14	7	8
desc	OG0005608	12	2	1	1	2	2	3	5	6	4	5	5	1	2	4	3	1	4	3	6
desc	OG0003157	22	4	3	7	3	2	11	11	11	24	23	29	3	5	13	4	2	24	24	26
desc	OG0001929	4	2	1	1	2	1	2	4	3	4	5	3	2	4	1	1	1	3	2	4
desc	OG0006753	10	8	3	1	2	2	8	12	8	8	9	22	2	6	15	5	4	12	13	12
desc	OG0004223	9	5	2	1	2	1	4	12	8	4	4	4	1	2	8	2	2	10	7	8
desc	OG0005011	14	15	4	1	1	2	8	15	12	10	11	4	8	5	6	6	7	10	21	10
desc	OG0002949	74	0	2	12	2	1	1	10	8	8	8	27	2	1	7	5	7	4	5	2
desc	OG0006172	3	3	6	4	2	2	6	21	23	18	10	7	4	5	4	9	5	14	20	15
desc	OG0006047	7	0	1	1	2	2	1	4	2	2	3	8	0	2	1	2	0	5	6	4
desc	OG0003818	20	7	5	3	2	2	13	18	14	20	14	14	1	5	3	10	7	18	17	6
desc	OG0006189	4	1	1	1	3	4	1	2	4	32	10	3	3	3	2	3	2	2	1	2
desc	OG0003610	5	3	2	1	4	1	3	4	5	6	4	5	2	3	5	2	3	7	7	8
desc	OG0006885	36	2	5	1	3	10	2	10	5	5	10	9	3	18	2	4	3	10	10	9
desc	OG0003310	17	3	2	1	1	2	7	7	8	4	7	1	5	3	5	4	2	12	4	8
desc	OG0000732.2	6	2	1	0	2	2	2	6	2	3	2	0	3	1	2	1	1	2	2	4
desc	OG0000383	2	2	1	28	9	24	1	1	2	2	1	4	0	45	1	2	172	2	1	1
desc	OG0007218	30	19	9	3	9	12	8	26	18	14	18	8	3	14	18	17	42	20	27	20
desc	OG0004220	17	3	9	31	5	12	8	19	16	21	11	12	6	14	4	5	21	18	14	15
desc	OG0004915	11	4	5	7	2	4	8	7	9	4	4	16	2	3	4	4	4	8	10	9
desc	OG0006691	8	2	8	1	2	1	10	7	8	4	8	5	6	12	5	8	5	9	6	8
desc	OG0005435	28	11	2	3	5	2	26	36	32	41	22	9	22	5	13	7	1	28	23	30
desc	OG0003741	16	3	13	1	2	3	8	7	6	6	10	5	9	7	21	4	2	7	13	7
desc	OG0005958	10	3	1	1	3	1	7	10	11	3	4	14	7	2	7	2	2	4	4	20
desc	OG0003264	3	0	1	1	2	2	3	4	3	5	2	2	4	3	11	1	2	4	3	4
desc	OG0002886	4	1	1	1	2	1	1	2	3	4	4	4	1	3	2	1	1	4	2	2
desc	OG0005771	16	2	2	2	2	2	7	9	6	4	2	12	4	3	4	6	2	4	4	4
desc	OG0006987	21	81	79	51	8	35	190	247	182	26	194	40	16	71	5	25	18	238	250	278
desc	OG0006826	14	8	12	7	2	2	24	16	16	16	24	3	3	7	14	13	4	16	40	47
desc	OG0000489	6	3	4	1	3	2	4	10	12	9	7	4	8	2	13	6	1	10	3	3
desc	OG0006453	17	10	4	2	2	1	14	21	17	11	12	7	14	3	6	4	5	20	20	25
desc	OG0002926	4	1	2	1	2	2	5	3	5	8	5	8	2	2	5	1	2	6	2	6
desc	OG0005978	45	2	2	3	2	4	4	8	7	8	7	10	1	8	6	5	13	4	4	8
desc	OG0003052	2	2	1	1	2	3	2	2	5	4	6	3	5	3	8	1	2	2	2	4
desc	OG0003883	10	2	9	9	3	2	8	29	24	136	22	63	14	2	38	22	8	27	16	27
desc	OG0007031	9	1	1	3	2	1	2	5	5	4	3	5	1	5	5	3	5	5	2	3
desc	OG0003862	8	0	1	4	2	3	2	2	1	3	1	1	1	1	2	1	1	2	3	2
desc	OG0004304	14	3	1	6	2	2	0	5	29	9	4	1	1	4	1	5	3	5	3	4
desc	OG0005552	47	6	7	1	3	1	19	6	7	7	9	6	4	4	17	9	4	10	17	14
desc	OG0007159	29	4	4	2	4	7	6	14	13	8	11	2	6	8	4	10	11	17	10	14
desc	OG0006636	33	11	11	3	3	4	20	34	29	14	18	4	15	5	9	16	9	19	17	24
desc	OG0002948	2	1	4	1	3	2	2	3	3	13	3	12	2	6	4	2	2	3	2	5
desc	OG0006903	24	4	1	1	3	1	2	3	4	5	2	0	1	3	2	2	1	2	2	4
desc	OG0006407	57	7	3	2	5	2	14	24	36	15	11	6	4	4	5	12	30	11	13	19
desc	OG0005021	0	1	1	1	2	2	4	6	4	2	1	4	0	25	12	2	3	5	6	4
desc	OG0004838	4	4	1	1	2	1	8	6	18	6	7	4	3	2	2	3	1	10	6	6
desc	OG0002652	4	3	1	1	2	7	4	2	4	3	2	13	1	3	2	1	2	3	3	3
desc	OG0002431	4	1	1	1	2	1	3	4	6	6	3	2	2	2	2	3	1	4	3	5
desc	OG0004976	14	2	5	3	2	3	4	8	6	12	8	8	1	4	4	4	7	10	20	19
desc	OG0001204	12	5	5	1	5	9	4	12	14	13	11	3	3	8	4	15	10	12	15	20
desc	OG0004739	29	4	2	4	3	2	8	11	8	8	9	4	4	6	18	3	2	9	6	6
desc	OG0004536	31	4	2	3	4	1	9	18	11	8	8	9	4	11	4	5	5	12	7	11
desc	OG0001780	2	1	0	1	2	2	2	1	3	2	1	0	1	2	8	1	1	3	2	2
desc	OG0002681	6	2	1	1	3	1	2	7	9	8	10	4	2	2	3	2	1	7	8	12
desc	OG0006728	6	4	2	2	6	2	7	6	8	3	8	8	2	25	3	4	14	10	11	8
desc	OG0006019	6	3	1	1	3	9	2	5	6	2	2	3	1	3	3	2	9	6	4	4
desc	OG0004673	12	6	2	2	3	1	7	9	9	11	7	6	4	7	1	10	10	10	6	9
desc	OG0005105	32	12	8	4	4	3	17	21	16	22	6	30	10	12	6	22	12	18	15	28
desc	OG0002696	8	1	1	4	2	1	4	5	3	3	4	15	2	3	3	3	7	6	3	4
desc	OG0000399	4	1	0	1	1	2	1	2	2	0	1	0	1	1	3	0	1	4	2	17
desc	OG0007285	97	30	33	21	21	61	52	32	40	46	54	46	23	30	41	64	67	78	41	57
desc	OG0006595	20	12	2	11	4	22	17	15	10	12	14	36	6	8	12	9	27	15	15	17
desc	OG0007302	65	6	11	8	18	6	2	19	34	42	15	11	10	25	15	33	8	17	15	16
desc	OG0004280	12	2	5	1	2	6	4	13	8	5	7	17	2	7	4	4	2	10	14	9
desc	OG0004176	22	14	19	29	2	7	58	49	64	4	20	31	2	6	5	9	3	8	49	38
desc	OG0003054	7	15	7	3	4	2	13	18	12	16	21	5	3	10	4	20	9	17	27	20
desc	OG0004990	9	3	1	4	2	2	4	6	6	12	18	2	5	10	8	2	2	11	8	5
desc	OG0006160	8	5	11	2	7	9	20	11	6	4	10	35	2	10	3	8	16	13	7	10
desc	OG0003207	8	1	1	1	2	3	3	5	5	4	2	2	4	2	3	2	4	4	4	5
desc	OG0006402	7	3	2	1	2	0	7	13	8	4	4	3	6	3	4	4	1	8	10	10
desc	OG0003412	6	2	2	1	2	4	4	7	3	3	3	11	2	1	3	4	2	3	3	3
desc	OG0006577	6	3	2	2	2	5	3	8	7	4	4	5	4	4	2	2	5	6	10	5
desc	OG0006521	8	3	2	1	2	5	3	5	5	7	4	2	1	2	3	4	2	6	5	5
desc	OG0006813	31	7	5	15	5	8	52	15	10	20	18	6	2	4	21	9	9	32	21	21
desc	OG0007133	52	9	11	6	6	36	47	24	15	14	20	40	14	15	10	17	63	21	24	16
desc	OG0004825	4	3	3	3	2	2	2	13	12	6	3	14	8	4	2	3	4	5	6	5
desc	OG0004226	6	7	4	2	2	4	20	6	6	5	3	12	5	3	3	4	3	3	3	4
desc	OG0000917.2	57	16	7	5	4	3	16	29	22	19	18	46	12	11	12	18	10	20	20	23
desc	OG0007287	34	2	4	1	2	12	5	7	5	4	3	7	1	5	3	4	6	4	4	5
desc	OG0004094	21	6	8	11	8	4	11	21	12	15	15	27	6	9	5	7	9	22	16	17
desc	OG0006660	10	4	2	1	1	2	5	12	13	9	18	0	4	2	1	6	1	15	7	8
desc	OG0006916	10	4	9	3	2	3	9	12	9	6	12	11	2	5	14	15	5	15	13	25
desc	OG0003665	4	1	1	1	1	1	2	3	5	5	4	0	2	4	1	2	2	8	3	3
desc	OG0006184	0	10	25	3	9	26	27	24	17	10	20	9	8	12	5	55	15	14	10	9
desc	OG0005797	30	6	7	1	2	1	12	16	14	13	27	6	6	4	13	6	4	43	36	51
desc	OG0005499	4	3	2	2	2	2	4	9	7	8	6	1	2	7	6	3	2	9	13	14
desc	OG0003750	6	3	2	1	2	3	3	5	3	10	18	10	1	6	9	6	3	10	3	9
desc	OG0006831	12	2	5	1	2	6	3	5	7	9	8	15	5	3	5	8	6	10	9	12
desc	OG0004268	7	1	1	1	2	2	4	3	2	4	2	2	2	2	5	1	3	3	2	5
desc	OG0000824	16	4	1	4	1	1	12	11	14	12	7	9	1	5	7	6	4	10	8	14
desc	OG0004827	18	9	7	2	4	5	9	31	20	12	19	3	13	9	3	13	18	16	8	12
desc	OG0006598	17	2	1	1	3	2	4	6	5	3	2	6	4	3	2	2	2	4	2	6
desc	OG0003314	3	1	1	1	2	0	1	4	4	0	3	1	1	4	2	2	2	3	1	3
desc	OG0005108	4	12	2	3	2	1	10	9	4	7	7	3	4	5	11	4	3	11	14	17
desc	OG0003628	7	2	1	1	2	2	2	4	9	4	5	0	3	2	2	2	1	11	4	9
desc	OG0005643	11	2	3	1	2	2	2	7	8	10	8	5	1	10	3	3	8	10	7	5
desc	OG0004672	12	2	3	6	4	1	8	11	16	6	4	4	3	2	4	4	4	10	6	106
desc	OG0005625	9	5	7	2	2	1	3	10	8	6	3	4	3	6	6	5	4	4	5	6
desc	OG0002248	7	1	1	0	2	1	4	5	6	6	3	2	1	2	4	4	1	5	5	4
desc	OG0003795	9	1	1	1	2	3	2	3	2	2	3	1	16	2	2	1	1	1	1	2
desc	OG0007330	9	1	2	1	4	27	3	11	7	4	8	5	4	7	2	4	6	6	4	5
desc	OG0004062	23	9	5	6	4	2	23	27	22	12	22	8	11	4	9	8	1	34	35	34
desc	OG0004661	6	5	2	1	2	3	3	14	10	10	7	1	6	2	3	6	2	18	8	6
desc	OG0005009	36	9	7	14	6	12	19	21	12	16	21	17	4	21	5	14	21	47	27	18
desc	OG0005513	24	4	2	6	2	2	6	15	10	6	4	54	2	9	9	5	9	10	6	7
desc	OG0005911	81	38	26	6	8	3	27	65	44	44	76	51	22	31	17	75	36	82	23	44
desc	OG0004287	33	7	14	3	9	3	5	11	15	6	12	60	4	22	3	10	35	25	15	16
desc	OG0003397	17	5	6	4	3	4	16	20	29	28	46	38	12	8	3	19	4	54	33	36
desc	OG0005036	13	3	2	4	3	2	8	10	7	6	6	4	24	8	6	5	4	19	42	10
desc	OG0005433	10	2	1	2	2	2	3	8	6	4	4	3	2	3	3	2	1	3	3	5
desc	OG0007200	68	4	8	7	7	5	22	16	12	8	17	175	7	9	17	10	46	18	21	18
desc	OG0006837	16	1	1	1	3	4	6	2	3	2	2	2	2	2	3	2	7	4	6	4
desc	OG0005487	43	2	3	17	4	1	1	7	40	6	5	25	0	7	13	8	7	4	6	6
desc	OG0006468	13	2	1	5	5	2	2	9	12	7	6	1	3	5	5	3	3	5	9	15
desc	OG0006070	12	3	8	2	5	27	4	9	12	5	12	6	4	13	3	12	12	12	7	8
desc	OG0005005	2	6	4	1	3	1	6	12	14	8	11	19	16	3	4	9	5	24	12	20
desc	OG0001786	0	1	1	1	2	2	2	4	3	7	2	2	4	2	4	2	1	4	3	7
desc	OG0005739	5	35	39	14	4	6	16	24	13	41	44	26	2	14	7	50	8	55	60	36
desc	OG0003753	7	1	1	1	2	6	3	2	2	3	1	6	0	2	4	0	5	2	1	2
desc	OG0004957	41	3	1	4	5	3	3	10	8	6	8	7	4	6	2	1	1	5	12	6
desc	OG0006663	27	10	7	6	6	5	17	21	23	15	18	58	15	14	15	19	16	18	21	24
desc	OG0002883	3	2	1	1	2	3	5	8	6	6	4	8	2	1	5	3	1	4	7	6
desc	OG0003848	4	3	1	1	1	3	6	4	3	3	2	1	3	1	10	5	1	3	3	4
desc	OG0003697	13	4	2	2	1	1	8	10	10	4	8	9	3	7	6	6	1	11	15	10
desc	OG0000799.2	24	2	10	0	3	7	5	8	4	6	10	8	2	7	3	6	7	10	18	13
desc	OG0005991	20	3	5	1	3	3	2	9	6	6	6	12	3	8	4	7	8	8	6	12
desc	OG0004956	9	6	3	1	2	2	7	17	16	30	14	5	21	5	5	5	2	23	11	8
desc	OG0002765	12	5	4	8	6	14	5	8	6	6	12	40	5	9	13	8	35	12	5	6
desc	OG0006454	11	4	3	1	2	2	4	10	8	8	8	10	3	2	4	5	1	6	4	7
desc	OG0003210	9	7	3	1	3	1	3	24	17	16	14	1	10	2	3	6	1	28	17	18
desc	OG0003804	17	5	4	1	1	5	6	12	15	12	18	13	24	4	15	5	27	6	7	10
desc	OG0002307	27	7	7	20	8	8	5	11	26	32	10	3	5	16	4	4	11	20	9	6
desc	OG0005651	9	4	4	2	2	2	8	5	9	12	9	11	2	3	5	6	1	13	8	8
desc	OG0002673	5	0	1	1	2	0	1	1	1	0	0	0	0	2	3	0	2	1	1	2
desc	OG0002763	75	9	11	4	3	9	11	47	46	34	26	2	17	7	11	20	8	18	17	39
desc	OG0002807	14	5	10	7	7	11	15	15	11	8	13	34	10	9	9	19	11	15	12	22
desc	OG0004105	39	11	3	7	12	1	30	29	30	44	28	37	9	9	21	12	3	42	29	42
desc	OG0005940	10	3	3	2	3	1	8	13	11	4	4	41	3	5	10	5	8	8	5	10
desc	OG0004071	13	3	4	2	3	1	9	15	12	12	7	10	6	5	28	6	2	11	7	15
desc	OG0002643	6	3	2	1	2	1	5	11	6	12	9	2	2	3	2	2	2	12	9	10
desc	OG0005950	8	5	2	2	3	1	4	8	7	9	14	10	3	8	4	5	4	18	28	18
desc	OG0003813	9	4	6	1	2	1	5	5	4	5	5	5	1	3	4	4	2	6	7	6
desc	OG0006394	10	2	2	2	6	3	2	12	10	8	4	2	2	9	5	3	9	5	6	6
desc	OG0006494	12	7	2	1	2	4	5	6	6	8	3	18	4	7	4	4	5	4	9	5
desc	OG0004102	16	8	4	5	4	2	8	19	18	8	12	11	7	3	18	7	3	15	16	12
desc	OG0005498	13	4	2	1	3	1	7	8	8	6	8	1	6	3	6	4	1	4	3	5
desc	OG0006529	12	1	1	2	2	2	2	5	6	6	2	0	3	4	2	2	2	4	3	3
desc	OG0005666	8	2	4	1	2	1	5	7	5	6	7	19	2	2	3	6	1	4	6	12
desc	OG0007317	0	16	17	12	6	92	16	27	26	16	30	50	14	11	27	36	21	24	21	14
desc	OG0003872	130	108	57	34	35	54	19	89	108	74	83	206	42	89	57	50	39	60	36	67
desc	OG0006432	20	9	6	14	23	12	15	22	16	17	12	36	19	28	23	14	13	10	13	16
desc	OG0002975	7	2	2	1	2	2	6	7	4	2	5	1	1	2	29	2	3	5	6	10
desc	OG0004846	11	2	2	1	2	3	4	8	8	8	5	4	1	12	4	3	2	8	9	6
desc	OG0001714	32	2	2	5	3	2	5	25	32	8	11	34	2	11	12	10	5	14	33	19
desc	OG0005808	12	19	10	4	5	2	18	5	6	3	21	9	42	14	1	23	12	62	99	31
desc	OG0000731.1	14	2	1	1	3	1	2	8	6	6	4	27	2	4	8	2	5	6	3	5
desc	OG0004139	8	2	2	1	2	1	3	6	6	6	3	5	3	2	7	3	1	6	4	8
desc	OG0005774	23	26	32	36	12	6	43	29	26	32	27	63	15	40	16	28	32	40	34	24
desc	OG0004256	31	2	7	1	2	2	6	7	7	4	6	4	1	2	3	4	3	6	5	7
desc	OG0004936	19	3	3	1	2	2	6	8	9	3	3	5	4	3	3	8	2	4	3	16
desc	OG0004348	11	2	2	1	2	2	9	8	7	12	9	9	3	5	4	3	4	14	8	17
desc	OG0001257	2	1	4	1	3	2	4	25	8	3	5	16	10	9	5	5	13	6	4	12
desc	OG0006233	34	78	61	8	22	11	16	35	29	71	59	124	30	33	10	53	23	16	30	29
desc	OG0002213	10	5	1	1	2	1	7	5	6	6	4	1	3	1	2	1	1	5	8	5
desc	OG0004730	12	7	3	1	4	2	9	9	12	16	11	41	5	13	8	6	9	8	10	13
desc	OG0005813	12	3	2	2	2	4	5	8	6	4	4	7	4	14	10	4	9	6	6	5
desc	OG0000288.2	10	10	4	3	3	1	8	17	13	2	6	7	5	5	1	7	2	5	5	3
desc	OG0003162	18	2	0	2	4	2	10	13	8	10	6	5	2	7	4	3	4	12	11	7
desc	OG0001744	30	8	7	3	3	4	17	17	11	10	17	13	8	5	10	11	12	24	19	0
desc	OG0000962	0	1	2	1	5	3	1	4	2	5	6	26	2	12	2	3	13	3	4	0
desc	OG0005893	16	2	7	1	3	2	2	17	6	4	9	7	3	11	2	6	9	7	11	11
desc	OG0006911	30	2	3	1	15	69	6	9	10	4	5	99	5	59	17	9	16	7	5	7
desc	OG0004073	11	3	5	2	2	2	10	7	5	5	4	5	3	6	11	4	3	11	9	16
desc	OG0005735	18	6	2	3	2	3	3	12	7	2	5	7	5	12	22	2	3	4	3	2
desc	OG0004320	16	14	7	3	3	3	19	32	17	20	15	15	25	10	23	12	3	27	26	29
desc	OG0004792	4	2	2	2	2	1	4	9	4	2	5	25	4	3	2	3	3	7	4	8
desc	OG0002063	10	1	1	1	2	1	2	3	5	8	2	7	0	2	7	1	1	12	2	8
desc	OG0003266	8	18	1	1	2	2	8	6	9	16	9	9	0	3	4	2	2	7	5	8
desc	OG0004753	8	1	1	1	2	3	5	5	4	2	3	2	4	2	3	1	1	2	2	4
desc	OG0006759	20	5	6	4	3	11	10	17	13	6	10	9	13	3	4	15	5	12	12	9
desc	OG0004210	8	3	1	5	2	2	5	11	11	6	8	3	6	3	4	2	2	6	5	8
desc	OG0003650	15	3	2	1	2	2	6	9	10	6	4	6	3	3	4	5	23	26	8	9
desc	OG0006965	9	11	12	6	4	14	13	13	9	8	13	13	5	10	6	8	5	12	14	10
desc	OG0001113	10	6	3	4	2	1	12	9	5	8	8	4	4	2	8	6	3	15	10	12
desc	OG0005888	20	14	12	3	5	7	21	20	14	23	16	26	8	17	14	19	11	19	18	16
desc	OG0005974	23	2	4	1	2	2	6	14	10	8	9	7	6	5	6	4	6	12	10	9
desc	OG0006991	19	5	3	1	2	4	5	8	8	8	10	10	4	4	7	7	9	8	5	9
desc	OG0002708	7	3	2	1	1	1	4	4	5	6	6	5	1	3	2	3	2	6	4	6
desc	OG0007129	8	1	2	1	2	4	4	6	2	2	2	17	1	4	2	2	6	4	4	4
desc	OG0005136	24	11	15	6	3	4	0	18	18	12	10	40	8	8	7	18	9	9	9	10
desc	OG0006788	62	14	16	6	7	8	22	24	17	42	25	8	4	22	12	27	27	23	6	34
desc	OG0003789	10	4	3	6	4	4	4	10	5	5	8	3	1	11	6	7	9	9	11	16
desc	OG0005753	16	8	4	5	2	19	13	24	12	10	8	10	5	8	4	9	26	10	8	14
desc	OG0007310	21	4	2	2	5	15	2	10	7	6	6	13	4	3	2	4	15	21	8	10
desc	OG0005547	8	2	1	1	1	3	8	4	8	4	6	3	3	2	3	2	3	8	7	8
desc	OG0001914	15	2	1	1	2	1	1	5	6	6	3	9	2	2	0	3	0	10	4	4
desc	OG0005863	40	9	12	5	6	2	17	28	26	48	20	104	12	39	9	45	15	20	18	27
desc	OG0004676	19	5	4	3	6	2	13	20	20	18	16	14	10	16	5	11	6	12	13	17
desc	OG0005822	51	16	20	16	8	28	32	35	32	32	21	17	10	30	12	33	18	20	17	24
desc	OG0002974	9	2	4	2	2	3	0	5	6	4	4	4	1	1	0	3	1	17	9	8
desc	OG0005141	9	2	1	1	2	3	4	5	6	4	2	12	1	5	4	3	4	2	2	5
desc	OG0005623	14	2	1	1	3	2	7	8	6	9	4	1	5	2	3	3	2	5	4	7
desc	OG0005024	11	2	2	1	2	3	5	6	4	2	2	12	2	4	3	2	3	3	4	4
desc	OG0006901	12	2	1	1	2	3	5	6	2	2	1	1	3	3	5	1	3	3	1	2
desc	OG0002924	8	6	3	3	2	2	10	13	17	10	11	10	9	4	9	6	2	16	11	12
desc	OG0003747	27	5	2	1	4	1	4	4	4	6	3	2	6	6	2	4	3	5	4	11
desc	OG0006530	15	2	13	1	2	1	15	14	8	8	23	14	0	4	3	6	7	22	23	36
desc	OG0000959	15	8	6	17	2	5	11	20	11	14	8	14	2	8	2	6	2	24	16	16
desc	OG0006932	5	3	3	3	5	5	2	9	6	6	8	4	2	3	0	18	2	7	5	5
desc	OG0005694	22	4	4	2	3	4	6	13	16	9	19	6	8	4	11	7	5	18	19	14
desc	OG0004083	11	3	2	1	2	3	2	11	6	7	6	2	2	4	2	5	2	8	4	6
desc	OG0006839	10	11	6	1	2	4	12	8	10	14	11	11	4	5	9	5	5	20	16	13
desc	OG0004289	6	2	2	13	2	3	3	21	16	2	8	3	11	3	4	5	1	10	6	6
desc	OG0003674	10	1	2	2	2	1	2	5	3	2	3	23	2	4	4	1	3	4	3	4
desc	OG0003676	5	3	1	1	2	1	2	2	6	2	7	2	2	3	2	1	1	3	1	6
desc	OG0004445	6	4	1	1	2	3	1	3	2	3	2	12	4	3	6	2	2	2	2	2
desc	OG0007192	5	1	4	2	2	4	4	4	5	6	4	7	2	2	4	2	4	5	2	4
desc	OG0004251	35	3	2	2	1	1	3	11	14	12	9	3	4	3	7	7	1	10	9	10
desc	OG0006794	14	8	12	5	3	3	7	17	25	9	13	23	15	4	9	15	10	6	8	9
desc	OG0004351	10	3	1	1	2	3	3	5	3	4	6	2	2	4	4	2	4	5	6	7
desc	OG0003651	6	2	2	5	3	2	12	5	5	6	6	8	2	7	3	3	5	10	15	8
desc	OG0003563	7	3	1	1	4	1	5	9	8	12	8	2	2	2	1	3	1	8	4	4
desc	OG0003635	15	1	1	10	2	5	4	10	6	11	4	1	2	8	1	3	2	7	5	6
desc	OG0001010	8	3	1	2	2	2	4	11	6	3	4	16	2	8	4	4	4	6	4	5
desc	OG0004420	8	3	2	3	4	2	2	9	8	5	5	7	4	9	7	5	2	6	4	3
desc	OG0002985	24	5	5	1	21	2	17	42	16	10	7	11	4	22	8	14	16	18	23	14
desc	OG0005637	19	7	2	2	2	4	8	15	13	15	9	7	6	3	13	7	2	17	14	18
desc	OG0004999	4	1	1	1	2	2	2	10	5	3	4	4	2	1	6	2	1	4	2	2
desc	OG0001015	17	5	3	18	3	1	9	6	8	16	11	46	6	15	8	6	3	24	16	22
desc	OG0002278	3	0	1	1	2	4	0	2	2	2	1	5	0	3	2	1	1	7	3	0
desc	OG0005832	26	4	3	1	1	1	10	7	4	7	2	3	1	2	1	3	4	6	4	3
desc	OG0004230	11	1	1	1	2	1	4	4	4	3	2	2	2	4	2	3	2	4	2	3
desc	OG0004698	55	5	8	6	7	3	34	29	17	16	12	17	4	8	20	12	3	33	25	22
desc	OG0003202	8	1	1	1	3	2	2	9	4	4	5	8	7	1	4	1	0	6	4	3
desc	OG0004332	6	7	2	2	3	2	3	15	7	6	5	4	12	9	8	4	6	5	5	6
desc	OG0000769	2	2	2	12	2	18	0	2	3	4	2	2	0	5	2	2	5	4	3	2
desc	OG0005917	6	9	5	4	4	3	6	7	6	6	5	33	2	4	5	7	5	4	5	10
desc	OG0005897	33	15	10	7	6	15	24	46	21	20	14	39	22	17	13	22	19	18	21	13
desc	OG0005979	6	6	5	2	2	2	10	14	12	4	22	3	3	1	1	4	6	16	26	15
desc	OG0005061	5	8	5	3	3	2	11	24	25	8	8	3	10	6	6	18	11	28	23	11
desc	OG0004973	10	1	1	1	2	2	3	2	2	8	2	2	6	1	3	2	2	4	3	4
desc	OG0001965	141	116	52	108	56	52	87	0	100	154	135	208	37	90	119	114	99	109	109	84
desc	OG0003038	10	2	2	1	1	2	2	4	4	2	4	8	0	7	2	3	3	5	4	6
desc	OG0007020	28	12	10	3	5	18	16	22	21	13	21	37	6	17	6	16	15	34	20	22
desc	OG0001006	14	6	8	5	10	1	10	28	36	46	19	192	10	18	13	27	46	26	18	25
desc	OG0006810	13	2	1	5	4	3	2	6	4	6	5	8	2	4	2	2	1	7	7	6
desc	OG0000156.2	10	13	3	1	3	3	10	14	12	8	8	4	3	4	5	7	2	12	8	11
desc	OG0005944	10	3	1	1	1	1	4	5	6	8	10	31	6	6	2	4	3	9	7	0
desc	OG0005731	28	8	8	1	8	2	7	19	16	30	12	52	4	35	12	15	17	9	10	16
desc	OG0003868	3	1	1	1	2	4	1	3	2	2	2	4	1	5	0	3	3	4	3	3
desc	OG0004433	7	3	1	1	2	4	1	3	2	2	2	1	2	1	1	1	1	2	1	2
desc	OG0006410	4	5	2	1	2	2	5	10	10	6	6	4	4	4	9	6	3	11	6	9
desc	OG0004372	4	2	2	0	1	4	0	4	4	4	2	6	5	1	1	2	1	3	3	4
desc	OG0004991	8	4	2	1	3	2	4	8	5	17	4	7	4	2	4	2	6	6	2	6
desc	OG0005816	0	36	32	27	7	13	46	36	27	32	42	65	13	19	39	47	21	43	40	36
desc	OG0006438	10	3	2	1	2	1	5	9	6	6	4	2	2	3	11	4	4	7	10	9
desc	OG0001519	16	2	2	1	2	1	7	9	12	6	4	1	10	1	5	2	1	12	10	10
desc	OG0000598.1	5	3	0	3	2	2	2	5	3	4	1	4	0	2	6	1	0	6	2	4
desc	OG0000686.1	12	7	2	1	2	2	5	16	8	12	7	20	9	2	24	6	2	17	19	14
desc	OG0004938	20	3	3	6	4	2	9	8	8	5	4	14	6	3	4	6	11	4	7	6
desc	OG0006122	20	1	2	3	2	3	3	6	3	4	3	6	1	3	5	3	5	4	4	4
desc	OG0006573	12	4	1	4	2	4	3	5	6	7	6	14	1	2	4	3	8	11	7	8
desc	OG0006714	25	3	6	1	4	2	6	16	14	16	17	36	2	12	6	7	23	13	13	20
desc	OG0005159	23	2	1	1	2	7	2	4	4	4	5	3	2	6	10	4	5	6	5	4
desc	OG0007037	16	12	10	1	3	4	6	16	15	10	8	8	7	6	10	11	7	9	8	6
desc	OG0006141	28	7	6	1	3	21	9	14	12	14	23	19	8	10	13	11	11	22	18	24
desc	OG0004397	63	20	30	4	3	6	46	48	44	24	26	28	17	8	15	28	8	26	25	32
desc	OG0003337	13	1	1	2	2	4	2	2	2	1	2	1	2	6	13	2	4	4	7	4
desc	OG0005063	4	1	1	1	4	4	2	2	2	1	1	23	0	6	2	2	4	2	1	2
desc	OG0002491	5	1	1	1	2	1	3	4	4	2	4	17	0	3	3	2	2	6	5	4
desc	OG0004919	10	2	2	1	2	4	3	6	5	6	4	10	4	3	1	3	3	14	31	8
desc	OG0006607	11	1	3	2	2	1	2	4	2	1	2	10	1	1	2	2	1	4	4	3
desc	OG0004399	16	2	2	2	2	3	3	4	4	3	5	2	1	4	9	3	3	6	10	6
desc	OG0000380	8	5	5	3	5	11	6	9	12	10	9	6	2	7	3	3	12	8	3	9
desc	OG0004298	6	2	1	2	2	3	4	5	5	4	2	6	2	2	2	2	3	3	2	4
desc	OG0001958	2	2	4	1	1	2	2	3	3	2	2	7	1	3	1	2	2	2	1	2
desc	OG0004428	16	1	1	1	3	1	3	6	3	7	3	10	3	1	2	1	1	4	6	3
desc	OG0002746	17	6	5	1	3	5	4	25	13	4	18	3	20	3	5	2	1	12	7	7
desc	OG0006736	19	1	1	1	2	1	6	13	9	6	6	6	2	6	5	5	6	14	5	12
desc	OG0007048	8	1	3	1	2	6	4	5	4	6	4	21	1	2	6	3	4	4	5	4
desc	OG0004768	20	2	2	4	4	4	4	7	6	10	3	7	2	9	2	3	7	4	3	3
desc	OG0003035	8	3	3	1	2	1	2	7	7	6	7	8	0	3	6	9	3	8	4	8
desc	OG0005972	17	2	1	3	2	7	7	19	15	7	9	8	4	5	4	4	3	14	13	8
desc	OG0007190	18	3	5	26	4	4	4	15	10	2	11	34	2	9	3	6	4	7	10	9
desc	OG0002723	7	1	2	0	2	4	2	4	4	2	4	4	1	4	4	3	1	6	2	2
desc	OG0006886	37	8	10	2	3	6	8	16	16	16	16	30	2	15	6	15	9	8	16	17
desc	OG0002451	30	11	27	4	3	2	18	25	15	16	20	6	3	10	5	15	4	21	23	22
desc	OG0007193	16	4	4	1	6	10	3	11	17	8	5	27	2	8	28	7	8	9	6	7
desc	OG0006638	15	1	1	2	2	2	6	7	6	6	5	8	1	5	8	2	6	7	6	7
desc	OG0006547	16	4	2	1	11	6	14	21	16	28	12	8	2	15	3	9	25	9	8	11
desc	OG0007235	28	5	6	1	3	12	19	30	13	12	28	13	8	12	19	29	14	30	16	29
desc	OG0007263	32	3	8	6	3	5	4	9	7	6	9	6	5	11	6	7	6	14	9	7
desc	OG0003541	7	1	1	2	2	1	3	6	4	6	3	2	2	2	3	1	1	4	4	4
desc	OG0004245	25	34	5	5	3	4	9	91	68	20	21	16	12	6	4	9	11	56	40	67
desc	OG0001894	6	1	0	1	2	1	2	5	4	2	2	0	0	1	2	1	1	4	3	4
desc	OG0004312	4	1	1	1	3	2	1	4	3	2	3	5	0	4	2	1	4	4	3	2
desc	OG0001937	6	1	1	1	1	2	1	11	6	4	2	1	4	4	3	1	1	2	3	4
desc	OG0003619	4	2	2	1	2	1	1	4	4	4	4	4	3	7	3	4	2	4	2	4
desc	OG0004204	27	18	7	10	6	3	19	41	22	36	34	30	18	18	6	22	19	35	32	32
desc	OG0006915	8	3	3	1	2	2	2	8	6	10	9	5	6	6	2	6	9	10	8	12
desc	OG0004294	6	1	1	1	3	7	3	3	4	5	3	2	2	4	1	6	2	8	5	4
desc	OG0005508	12	4	3	1	2	1	4	8	7	8	7	3	2	4	2	5	11	7	9	6
desc	OG0005916	13	4	3	1	3	8	8	16	14	13	13	76	9	6	2	5	4	20	16	16
desc	OG0007003	19	14	11	12	58	89	8	18	13	18	18	1	18	39	8	7	38	19	13	17
desc	OG0006366	11	2	2	3	2	1	5	6	3	8	8	4	2	3	7	5	1	14	13	12
desc	OG0006505	9	6	13	1	2	4	10	23	14	9	12	3	9	3	2	6	1	20	19	19
desc	OG0007278	12	2	8	1	3	10	4	8	5	4	2	6	2	7	4	2	3	4	2	5
desc	OG0006123	11	5	2	1	2	3	11	6	4	10	5	14	4	4	4	4	7	6	10	6
desc	OG0004258	11	3	2	1	2	1	7	8	6	6	5	10	2	1	26	3	1	8	7	5
desc	OG0003298	3	3	2	1	2	2	5	6	6	6	4	5	1	2	3	5	2	8	5	6
desc	OG0004859	27	4	9	5	5	1	42	32	29	10	40	28	10	13	23	13	8	38	60	41
desc	OG0005173	8	4	4	1	2	2	3	5	4	4	3	6	3	5	2	4	8	7	5	5
desc	OG0006879	35	6	6	9	7	2	7	10	12	18	11	34	4	5	25	10	3	12	10	10
desc	OG0005029	0	68	54	120	26	15	0	84	64	54	73	326	28	80	46	144	61	44	40	50
desc	OG0005851	23	2	1	1	2	3	5	8	5	2	8	8	2	3	4	4	5	6	8	8
desc	OG0007230	8	2	2	2	2	7	8	9	6	8	9	10	7	4	2	5	6	5	9	9
desc	OG0005956	13	1	2	2	2	15	2	4	2	2	3	2	0	8	4	2	7	3	1	4
desc	OG0006221	0	6	3	2	7	20	8	33	28	13	24	26	12	9	5	22	11	23	23	27
desc	OG0003528	6	3	1	2	7	5	0	4	6	6	3	11	0	11	5	2	2	4	5	3
desc	OG0000865.1	12	8	2	1	2	2	7	8	7	6	9	4	4	4	11	5	14	7	7	7
desc	OG0004188	8	4	3	3	2	1	3	8	5	4	5	5	4	2	3	4	1	10	20	9
desc	OG0005146	5	2	1	1	2	4	2	3	3	2	4	3	2	2	2	3	4	2	3	3
desc	OG0006484	11	3	6	3	4	1	8	12	11	11	8	38	2	4	3	4	2	8	11	16
desc	OG0004864	6	2	2	1	2	2	2	5	7	4	3	4	1	7	2	32	2	3	3	6
desc	OG0003841	6	4	1	2	2	1	1	3	2	2	3	4	1	2	6	1	3	3	3	2
desc	OG0005165	18	1	3	2	2	8	4	8	6	2	3	12	3	4	5	5	2	4	3	5
desc	OG0004934	16	5	15	1	2	2	10	16	18	21	19	22	14	4	6	8	3	15	17	20
desc	OG0004801	18	3	2	1	3	1	4	13	16	14	11	6	5	4	6	4	2	15	6	14
desc	OG0004357	20	4	8	9	6	5	9	21	12	16	13	63	2	35	6	15	14	15	17	15
desc	OG0007256	6	7	22	38	3	21	24	41	46	4	43	160	1	18	2	16	65	40	78	67
desc	OG0005581	8	5	1	1	2	2	2	14	9	8	6	2	5	1	5	4	3	7	5	11
desc	OG0006729	6	3	2	1	3	5	6	8	10	5	8	19	5	3	12	5	4	8	11	15
desc	OG0006801	4	1	1	1	2	2	5	6	5	2	2	5	2	2	0	1	1	4	9	3
desc	OG0005277	39	11	20	11	14	37	15	35	42	21	17	21	10	50	2	28	85	85	43	16
desc	OG0006229	0	11	11	6	26	58	12	25	19	16	16	81	9	32	9	23	19	10	11	20
desc	OG0003815	17	4	5	16	2	2	9	14	12	8	6	5	3	4	7	5	5	8	14	7
desc	OG0002444	6	2	2	1	2	2	2	12	7	10	5	3	6	2	8	4	1	6	5	8
desc	OG0006624	22	8	5	3	4	3	6	18	16	12	11	60	9	12	23	14	20	18	15	33
desc	OG0007179	24	2	15	2	2	7	18	7	4	6	11	38	3	4	16	8	11	11	10	5
desc	OG0007281	6	2	2	3	2	3	9	3	2	3	3	13	1	3	7	2	4	10	6	6
desc	OG0003151	9	3	1	3	2	1	12	12	11	10	9	3	3	6	4	2	1	7	5	14
desc	OG0006861	4	3	2	2	2	2	2	13	8	6	7	7	4	6	6	8	7	10	10	8
desc	OG0004946	10	18	13	7	5	5	20	17	6	16	41	241	5	33	8	10	17	52	44	33
desc	OG0006952	51	19	49	3	4	8	52	35	31	19	49	62	15	8	10	36	16	36	54	56
desc	OG0002771	7	1	2	3	2	3	3	2	16	5	7	5	1	2	1	1	3	7	6	6
desc	OG0004948	19	7	11	6	6	7	6	19	15	12	8	46	9	23	14	21	17	14	8	16
desc	OG0004385	16	5	2	1	2	1	5	8	8	4	5	10	4	2	4	5	1	6	5	7
desc	OG0004043	13	2	1	2	3	2	4	6	4	6	2	4	2	2	7	1	2	6	4	6
desc	OG0006939	6	1	3	1	3	4	3	7	8	10	5	17	2	14	3	4	6	6	5	3
desc	OG0004110	19	2	1	1	2	1	2	5	3	8	4	6	2	3	4	1	1	4	3	4
desc	OG0004272	24	14	1	1	1	1	2	9	8	8	5	11	2	4	15	5	2	4	5	9
desc	OG0005247	10	1	3	1	2	17	6	7	6	5	6	15	2	4	4	6	11	3	6	9
desc	OG0007306	8	14	9	1	7	12	6	21	14	2	11	71	4	14	22	25	16	8	17	16
desc	OG0005722	8	16	18	5	3	1	0	28	40	20	17	19	22	10	6	19	6	31	21	19
desc	OG0006680	10	3	1	1	3	5	2	9	6	4	2	7	3	2	5	2	2	8	4	6
desc	OG0001861	0	11	4	11	11	36	9	20	10	8	8	51	5	29	7	18	106	9	11	14
desc	OG0002685	8	6	2	2	2	2	4	9	9	5	6	6	4	5	3	2	1	6	5	6
desc	OG0006784	22	2	1	1	2	4	6	15	11	6	6	4	6	4	5	5	3	10	13	11
desc	OG0004438	9	2	1	1	2	2	2	5	2	2	3	3	2	5	5	3	5	6	3	10
desc	OG0000794	4	3	1	1	1	1	2	2	4	2	2	2	7	3	2	2	1	2	4	3
desc	OG0005002	3	0	1	1	2	1	4	3	4	4	3	5	2	5	2	1	7	2	2	2
desc	OG0001601	70	6	11	2	6	6	36	37	42	40	38	57	15	12	10	39	14	63	65	34
desc	OG0005544	10	4	2	2	3	1	3	14	12	8	7	20	9	5	6	6	3	12	8	9
desc	OG0005942	11	3	9	3	4	6	6	7	6	7	7	13	2	5	4	7	6	8	7	8
desc	OG0004913	4	5	1	1	3	2	4	6	6	2	4	6	1	3	3	13	4	10	5	6
desc	OG0007019	8	2	2	6	4	9	4	7	5	2	4	38	2	26	4	6	6	4	9	6
desc	OG0005903	38	9	33	5	3	8	72	104	127	32	91	4	17	7	10	16	17	214	204	233
desc	OG0005198	14	14	12	10	5	20	23	19	18	11	19	51	6	9	20	16	18	12	16	10
desc	OG0007339	10	4	2	1	7	8	3	9	7	4	5	12	4	5	2	7	12	6	6	6
desc	OG0001056.2	14	6	3	2	8	1	10	6	7	26	7	109	2	26	7	12	29	16	7	10
desc	OG0006586	8	2	4	1	2	2	4	8	7	4	6	14	1	5	8	3	14	10	6	9
desc	OG0004041	11	2	2	5	3	3	4	8	10	11	4	8	2	1	3	3	2	6	5	8
desc	OG0007334	76	10	22	2	2	27	15	15	9	3	8	20	18	4	12	15	4	8	7	9
desc	OG0007240	9	2	11	2	2	10	3	6	6	4	7	24	1	4	2	4	11	6	5	10
desc	OG0006479	29	7	11	7	7	2	22	36	30	24	20	36	11	29	12	16	4	18	14	22
desc	OG0004194	9	5	2	1	2	1	4	4	3	7	8	5	2	2	3	4	67	10	9	8
desc	OG0002707	15	1	1	1	2	0	4	10	6	6	4	6	3	3	2	2	6	4	6	6
desc	OG0005695	12	4	2	1	2	2	16	42	26	29	15	5	16	4	4	5	0	42	26	26
desc	OG0006735	14	8	13	1	2	1	21	8	5	8	21	2	2	4	17	14	2	26	14	16
desc	OG0005084	6	1	1	1	2	4	3	8	4	3	4	21	2	5	1	2	5	4	6	4
desc	OG0004219	64	22	8	10	8	7	23	48	64	30	32	10	15	24	15	13	10	40	22	36
desc	OG0003617	4	3	4	1	2	0	5	7	4	6	3	4	2	3	2	5	2	5	12	8
desc	OG0007128	23	4	3	2	2	4	5	17	8	4	10	6	4	8	6	9	11	20	9	11
desc	OG0003842	4	8	1	1	3	1	2	7	5	4	7	2	1	5	1	3	7	18	22	14
desc	OG0004047	8	2	1	35	3	10	2	7	4	4	3	18	2	3	1	1	2	5	4	4
desc	OG0006489	15	4	2	2	3	1	4	6	6	10	8	6	3	4	4	3	3	8	12	8
desc	OG0000038	8	2	1	7	27	3	2	7	4	2	4	11	2	6	1	11	9	4	3	2
desc	OG0005064	7	2	1	2	2	11	2	3	2	2	1	61	1	9	2	2	6	2	1	2
desc	OG0005806	11	1	1	4	4	2	2	6	8	6	3	3	4	5	1	1	6	4	3	4
desc	OG0004106	7	3	1	1	2	1	3	11	5	12	4	2	1	3	3	2	1	6	4	5
desc	OG0004668	65	52	27	30	63	2	48	130	111	107	51	69	77	58	68	35	30	70	74	59
desc	OG0004813	22	4	6	3	4	40	8	16	14	16	10	42	4	10	6	6	7	12	14	15
desc	OG0003042	15	2	3	1	2	1	4	5	8	5	5	17	2	2	6	5	7	5	7	6
desc	OG0005933	7	4	3	2	2	3	3	12	6	5	4	6	3	7	3	4	6	10	12	4
desc	OG0003396	29	7	8	3	28	11	4	17	13	12	9	1	3	15	13	15	17	19	10	13
desc	OG0004828	10	3	3	1	4	2	4	9	11	5	6	25	4	7	8	3	6	9	8	7
desc	OG0006074	6	6	1	2	2	34	7	8	9	3	5	18	2	6	5	5	15	9	8	6
desc	OG0003622	20	1	3	2	3	1	4	10	10	4	4	3	2	2	2	1	9	5	5	8
desc	OG0002215	6	2	1	1	3	6	3	3	5	4	3	1	0	4	3	2	1	3	4	4
desc	OG0005887	70	5	12	5	7	9	11	27	24	59	35	17	10	17	13	21	16	30	27	36
desc	OG0005438	10	2	1	1	3	1	3	8	7	4	3	5	2	4	3	2	2	5	4	5
desc	OG0000089	30	7	2	3	7	2	6	4	4	2	1	17	0	10	6	4	8	2	6	6
desc	OG0005638	12	7	5	3	3	5	15	9	14	20	19	5	5	9	12	6	6	17	14	14
desc	OG0003182	6	4	1	1	2	1	3	11	6	6	6	1	2	2	3	4	1	9	4	9
desc	OG0005056	10	1	1	2	2	10	2	2	1	3	3	3	0	6	3	1	11	6	2	4
desc	OG0007345	0	9	14	3	8	42	28	18	23	12	31	11	14	14	29	24	16	24	26	32
desc	OG0006055	10	0	2	1	2	3	2	3	2	1	2	7	4	2	3	2	2	3	5	2
desc	OG0006740	9	2	3	1	2	2	8	9	8	8	7	5	2	6	3	6	4	12	8	10
desc	OG0005709	14	2	1	2	4	2	6	8	7	6	7	8	3	9	6	4	3	5	15	12
desc	OG0005595	88	5	26	1	4	1	21	30	40	17	11	24	6	11	4	7	10	12	11	44
desc	OG0004920	30	9	10	1	5	3	8	17	15	30	13	25	10	7	25	16	12	15	11	24
desc	OG0001336	0	4	1	6	4	14	0	1	1	0	0	3	0	0	0	3	13	2	1	1
desc	OG0003728	16	4	3	11	2	2	4	5	5	4	2	2	1	11	5	6	3	2	4	6
desc	OG0005693	36	10	7	3	5	2	10	28	26	10	12	54	46	12	17	17	4	16	6	9
desc	OG0005465	6	3	4	1	2	1	3	8	6	4	6	3	2	6	2	3	2	4	4	3
desc	OG0006832	0	3	11	4	2	4	17	10	9	8	9	2	5	10	2	8	5	9	9	11
desc	OG0001688	9	1	1	1	0	0	1	2	2	2	1	7	2	5	4	1	2	3	3	4
desc	OG0005093	0	8	10	3	3	2	10	12	14	11	10	49	7	13	7	15	20	12	9	18
desc	OG0006500	6	4	2	2	3	2	4	8	5	12	4	12	4	4	5	2	4	10	8	8
desc	OG0004040	10	4	2	4	3	1	6	16	18	15	8	4	10	7	13	5	2	11	8	16
desc	OG0005229	29	6	70	10	14	41	20	39	46	66	92	38	64	26	89	93	35	53	58	61
desc	OG0002945	10	2	1	1	2	1	2	8	4	14	3	2	3	2	2	2	2	6	4	8
desc	OG0004195	16	12	13	3	3	1	6	0	20	24	33	14	16	12	9	13	9	30	15	23
desc	OG0005476	9	12	9	2	2	1	0	33	26	14	18	6	7	2	3	8	2	30	46	67
desc	OG0005463	26	8	6	4	4	2	9	19	18	16	10	21	6	17	18	11	7	13	13	18
desc	OG0005743	14	27	51	2	3	3	39	53	24	8	8	43	8	35	3	17	8	15	14	14
desc	OG0003811	11	4	4	9	2	3	6	14	10	8	3	4	6	4	14	3	2	7	10	8
desc	OG0006971	13	2	2	4	3	3	3	6	6	14	3	10	2	5	3	6	3	5	2	5
desc	OG0004131	30	5	2	3	5	2	2	19	19	17	11	11	7	7	8	3	7	16	13	14
desc	OG0004644	14	2	1	1	3	1	3	5	5	4	5	3	2	3	3	2	1	5	3	4
desc	OG0006435	18	4	3	1	1	1	6	15	16	12	2	3	7	2	11	5	2	8	7	7
desc	OG0004845	44	7	10	11	4	5	25	33	26	34	38	22	18	17	19	19	22	50	33	32
desc	OG0003654	17	2	1	1	2	2	8	10	10	5	4	7	4	4	3	2	4	6	3	5
desc	OG0003738	22	6	9	2	3	2	11	17	14	8	9	14	4	7	9	12	8	11	10	9
desc	OG0004075	2	4	7	4	2	1	6	20	13	8	8	4	8	4	5	3	1	8	8	16
desc	OG0006201	0	4	2	1	3	8	12	25	14	8	7	19	6	4	5	6	10	17	8	7
desc	OG0000147.2	5	2	1	1	2	1	2	7	5	6	4	3	2	7	3	2	1	5	3	3
desc	OG0006108	6	1	1	1	2	2	6	4	2	8	2	3	1	2	8	2	2	5	2	7
desc	OG0007206	6	1	4	3	2	12	2	4	4	4	4	32	3	6	4	7	2	6	7	8
desc	OG0003949	18	38	7	43	14	6	32	20	20	25	48	56	50	20	9	119	941	26	28	59
desc	OG0006827	20	9	16	22	10	21	13	12	14	11	12	10	4	10	6	29	40	10	13	11
desc	OG0002858	8	3	0	1	2	1	5	8	10	14	8	6	3	4	2	2	1	11	8	9
desc	OG0004871	9	3	2	1	3	2	5	8	10	12	14	6	15	2	4	2	3	16	12	30
desc	OG0002664	6	2	1	1	2	1	4	12	10	6	9	1	4	3	6	6	2	18	10	6
desc	OG0004465	18	4	6	3	4	7	5	7	8	9	8	64	2	13	1	11	8	12	4	4
desc	OG0004767	10	3	2	1	2	1	4	8	12	9	4	13	5	4	3	6	2	6	6	6
desc	OG0003698	39	4	4	3	5	1	13	10	11	8	26	0	6	3	7	100	3	15	18	27
desc	OG0004802	4	2	1	2	4	1	1	7	6	4	2	3	3	6	8	25	6	5	3	4
desc	OG0006884	34	5	10	7	4	2	21	21	22	14	18	11	8	13	58	9	7	25	23	22
desc	OG0004515	0	8	25	28	6	12	38	107	105	24	51	47	12	28	17	35	36	73	82	89
desc	OG0003705	16	2	1	1	2	1	2	6	6	6	4	26	2	6	12	1	2	4	5	6
desc	OG0004881	14	1	4	1	3	2	5	7	6	6	4	32	1	5	3	3	8	6	6	4
desc	OG0006978	7	8	8	2	2	1	10	10	8	7	11	6	6	6	6	9	6	13	14	12
desc	OG0004656	7	3	2	2	2	2	4	12	5	10	7	3	4	2	3	3	1	11	5	8
desc	OG0003608	8	1	1	0	2	1	2	4	3	6	2	3	1	3	6	2	1	2	2	6
desc	OG0006130	0	1	3	1	2	3	4	13	8	4	8	23	14	6	2	4	5	15	7	13
desc	OG0007269	8	1	1	1	4	5	14	7	2	3	11	5	1	5	2	4	2	12	4	12
desc	OG0005489	14	4	2	4	2	1	7	5	5	8	5	9	0	4	5	4	3	7	5	6
desc	OG0007120	8	5	9	1	3	5	8	4	2	4	11	8	3	1	0	7	2	8	8	4
desc	OG0003767	11	1	1	0	1	2	4	7	5	9	2	0	3	5	2	1	1	1	2	2
desc	OG0005777	7	3	4	2	3	2	6	13	10	14	23	16	4	5	3	6	10	18	13	16
desc	OG0004183	12	13	4	2	2	1	8	16	10	30	16	22	4	8	10	11	5	35	22	13
desc	OG0004695	7	1	5	3	2	2	2	11	8	4	10	3	3	2	1	2	1	8	11	10
desc	OG0006140	0	7	8	3	5	9	17	31	22	34	17	39	13	18	0	18	8	26	23	53
desc	OG0005543	25	1	4	1	2	2	4	7	10	8	5	2	4	4	9	3	2	17	14	6
desc	OG0006793	22	4	7	3	6	2	6	18	15	10	7	12	6	18	9	11	21	9	5	8
desc	OG0006683	54	9	19	2	4	2	8	19	18	12	11	7	2	9	14	15	9	31	23	21
desc	OG0002049	8	2	1	2	3	2	5	5	6	4	2	1	2	3	3	2	2	4	2	5
desc	OG0005976	14	2	2	1	2	6	6	8	4	4	4	2	2	3	3	4	1	6	5	6
desc	OG0005772	7	2	3	1	3	1	3	7	7	10	7	2	1	8	1	3	3	10	6	9
desc	OG0007243	12	4	1	2	2	3	4	8	8	4	4	8	11	5	4	4	8	6	3	4
desc	OG0007140	20	2	3	2	2	2	4	7	2	4	3	10	1	5	10	6	4	7	6	3
desc	OG0003730	9	2	1	1	5	7	5	3	2	6	4	6	1	2	2	2	3	5	3	5
desc	OG0003717	7	1	1	2	2	3	6	4	4	5	7	2	2	2	3	2	2	5	5	6
desc	OG0000571	41	36	8	6	2	16	37	29	31	22	26	96	7	8	17	36	9	10	19	31
desc	OG0005818	4	2	1	1	1	1	3	6	2	3	4	3	4	3	7	2	1	6	4	4
desc	OG0007231	25	4	9	1	2	9	17	8	8	5	13	3	139	6	4	9	2	11	12	9
desc	OG0007183	6	2	3	1	3	13	3	5	5	6	5	22	3	8	5	4	2	6	4	3
desc	OG0002695	17	0	1	1	2	2	2	5	4	4	4	1	3	18	7	3	1	2	2	4
desc	OG0002645	10	3	5	3	2	3	4	12	8	9	7	5	9	9	4	2	2	11	9	12
desc	OG0004490	193	63	59	17	19	15	102	130	125	72	103	140	66	63	65	109	37	112	116	128
desc	OG0006053	33	3	9	26	4	12	15	21	16	18	15	39	6	6	8	14	24	13	12	11
desc	OG0004726	8	6	2	3	2	1	4	5	8	4	6	5	3	2	2	4	3	13	4	5
desc	OG0004687	14	9	1	2	3	2	12	2	20	12	17	11	7	7	6	7	3	18	23	32
desc	OG0006244	8	15	7	5	2	30	11	19	15	4	23	14	5	20	2	6	12	17	74	28
desc	OG0005140	30	3	7	2	2	1	16	49	33	16	13	2	23	3	9	4	1	65	37	44
desc	OG0004660	33	30	16	19	9	26	22	17	9	8	10	10	2	33	51	12	11	8	20	16
desc	OG0003241	3	5	2	1	2	1	3	4	7	5	3	2	4	3	5	2	2	6	6	13
desc	OG0001051	21	14	11	23	5	4	10	31	26	14	12	7	26	13	13	16	7	17	23	15
desc	OG0007155	7	2	1	1	2	2	2	1	1	2	1	2	2	4	14	1	8	4	1	1
desc	OG0006789	70	102	111	13	26	64	46	95	44	70	38	112	67	64	35	54	26	46	83	33
desc	OG0004812	22	10	3	1	3	1	5	11	8	6	6	19	5	2	5	4	2	8	9	8
desc	OG0005792	40	37	16	4	4	1	17	22	35	34	27	34	12	12	19	35	46	49	32	35
desc	OG0004461	12	3	4	1	2	3	8	5	5	2	1	7	2	8	11	4	13	3	5	5
desc	OG0002737	8	0	1	1	2	1	2	1	1	2	2	0	0	4	5	1	2	2	2	2
desc	OG0006766	15	3	2	1	4	5	6	9	6	17	7	43	10	13	20	5	14	16	12	16
desc	OG0002294	0	2	1	1	2	2	4	4	4	4	7	4	2	2	9	1	1	5	7	9
desc	OG0003265	21	8	9	4	3	5	6	13	14	10	5	45	6	7	25	10	6	8	11	12
desc	OG0003786	14	1	1	1	2	2	2	2	4	3	3	1	3	3	3	2	1	4	3	5
desc	OG0006482	14	3	4	1	2	3	7	7	6	6	5	8	3	6	6	5	49	9	6	7
desc	OG0004734	13	6	2	3	3	2	6	5	4	6	4	6	2	5	2	4	3	7	7	12
desc	OG0006191	46	30	4	2	3	11	5	6	10	8	8	15	8	8	8	12	14	17	14	12
desc	OG0005462	7	2	1	2	2	2	5	8	8	14	7	3	2	7	6	3	6	16	8	10
desc	OG0005729	18	2	3	1	9	4	6	5	6	4	4	4	3	5	5	3	11	4	4	5
desc	OG0005301	30	9	5	1	3	3	15	27	15	5	47	11	23	5	5	16	11	10	13	19
desc	OG0004982	15	8	4	1	4	3	8	16	13	8	8	17	11	9	6	13	5	9	6	11
desc	OG0005134	17	2	3	2	4	3	18	11	9	9	17	32	1	3	3	7	4	32	16	20
desc	OG0004989	9	2	1	1	2	2	4	5	5	2	3	5	4	3	1	1	1	8	3	6
desc	OG0002905	6	1	1	1	1	8	6	8	6	9	3	3	3	2	1	1	1	2	2	4
desc	OG0006746	15	1	1	1	2	3	3	3	4	4	3	2	1	3	7	1	1	6	7	4
desc	OG0005232	36	1	8	4	6	8	12	12	12	27	14	1	4	27	5	24	14	14	8	17
desc	OG0005210	8	4	2	1	3	2	3	6	4	3	6	12	1	2	4	3	1	6	7	6
desc	OG0004054	9	3	2	3	3	2	13	8	8	8	4	16	2	4	3	2	2	5	8	8
desc	OG0004986	26	8	12	3	4	6	18	25	22	22	11	35	7	15	8	17	24	18	21	24
desc	OG0006979	15	2	3	2	2	6	3	11	8	6	5	7	8	6	6	2	6	4	6	9
desc	OG0003453	2	16	17	3	4	1	10	29	14	30	43	98	15	6	6	38	7	106	74	62
desc	OG0004896	6	4	2	1	3	1	2	7	5	3	4	7	4	2	2	4	14	3	2	4
desc	OG0005599	22	3	2	1	2	1	5	14	10	8	7	4	11	5	4	6	3	8	4	6
desc	OG0003282	0	62	94	28	7	11	62	65	68	36	66	2	58	14	108	89	47	63	68	82
desc	OG0002888	22	30	3	2	7	2	11	12	12	13	8	5	7	4	11	7	3	13	9	11
desc	OG0007161	13	4	1	1	5	6	8	15	12	10	8	12	5	5	3	3	5	7	4	8
desc	OG0006116	0	3	3	1	2	9	8	6	8	8	7	34	2	6	2	5	11	6	9	13
desc	OG0006899	7	3	1	5	4	17	1	1	1	11	2	17	1	5	5	2	16	4	6	6
desc	OG0005129	9	4	3	1	2	0	4	8	6	12	5	3	4	8	4	10	3	9	3	5
desc	OG0000645.1	12	10	6	3	3	1	13	36	23	14	16	8	12	4	5	12	4	34	15	17
desc	OG0006433	8	2	1	1	2	1	3	3	4	4	6	6	2	3	3	1	4	6	4	8
desc	OG0006678	76	7	67	5	4	7	42	54	56	12	118	26	10	11	7	47	8	82	76	63
desc	OG0005820	12	5	2	1	2	2	6	7	8	8	10	6	5	3	11	5	2	14	7	8
desc	OG0004647	11	8	2	1	2	1	10	15	15	14	14	2	8	4	7	5	1	13	11	12
desc	OG0005097	6	4	2	1	2	1	4	4	3	14	5	2	2	4	2	3	2	6	3	4
desc	OG0002064	25	1	2	23	6	3	8	5	8	10	5	11	0	3	4	3	10	10	7	16
desc	OG0003333	29	8	14	5	2	3	12	20	26	14	20	1	23	3	5	21	1	23	20	16
desc	OG0003558	39	13	9	2	3	1	19	32	38	30	19	2	16	3	22	16	5	26	31	28
desc	OG0005602	15	45	9	2	3	2	30	16	19	22	28	7	21	3	4	15	1	28	25	30
desc	OG0000361	13	5	1	2	2	1	4	12	5	10	10	2	2	3	4	3	4	9	7	7
desc	OG0006902	23	1	2	3	3	3	8	7	7	4	6	22	1	14	5	18	2	6	13	7
desc	OG0006039	5	9	4	17	6	2	18	12	9	8	6	8	3	19	8	9	5	9	7	6
desc	OG0000195	20	0	1	18	3	1	1	4	1	4	7	2	0	1	18	2	4	4	4	4
desc	OG0005665	10	8	17	13	2	16	16	18	16	11	9	10	2	5	4	6	6	17	19	21
desc	OG0000796.2	13	4	3	0	2	2	4	6	8	10	9	6	2	5	2	3	3	7	11	11
desc	OG0002264	16	7	1	6	6	3	12	15	12	8	12	19	6	7	11	4	3	16	8	15
desc	OG0006707	28	5	4	2	2	4	13	8	8	16	16	22	1	12	13	7	8	12	39	14
desc	OG0000796.1	47	11	2	3	4	3	9	9	13	29	14	16	2	37	4	5	4	18	7	11
desc	OG0007154	3	1	3	2	4	5	16	11	8	3	35	11	1	4	2	5	13	14	57	34
desc	OG0006805	21	8	9	3	5	4	29	26	27	12	27	42	8	18	21	17	15	18	49	24
desc	OG0005518	16	3	4	3	9	14	6	17	15	8	10	13	6	32	3	7	7	13	33	24
desc	OG0005833	14	4	1	2	2	1	3	9	6	4	10	6	2	3	2	2	4	21	5	3
desc	OG0007308	6	1	1	1	2	4	3	4	2	2	2	18	4	3	8	3	3	2	1	1
desc	OG0002340	7	3	6	1	2	4	7	7	8	4	3	9	3	3	16	3	3	4	4	6
desc	OG0005618	8	3	1	1	2	1	4	6	6	6	4	7	1	3	2	5	2	14	4	6
desc	OG0007244	6	8	17	4	3	4	7	17	9	4	9	11	4	2	1	18	3	12	15	8
desc	OG0006621	35	4	6	1	3	7	6	13	12	10	15	3	7	3	6	5	6	22	16	20
desc	OG0006419	11	5	2	1	2	2	4	4	3	3	8	6	3	4	5	3	2	27	6	5
desc	OG0004713	8	2	1	1	2	4	2	7	5	6	6	2	3	3	6	5	1	7	6	8
desc	OG0004297	7	4	9	2	4	3	12	18	20	11	12	10	6	10	6	10	7	28	10	23
desc	OG0007046	0	1	1	1	2	3	1	1	3	2	1	1	0	4	6	1	2	3	1	2
desc	OG0006725	28	6	4	1	2	5	4	13	8	14	6	4	4	9	6	6	5	8	4	9
desc	OG0006145	8	14	8	4	11	13	8	11	12	6	10	44	10	4	5	11	4	14	10	12
desc	OG0003752	10	3	3	1	2	3	2	9	6	6	6	4	4	2	5	3	2	8	8	6
desc	OG0007006	2	0	4	1	2	1	3	8	13	4	3	10	4	3	10	2	3	2	2	4
desc	OG0005161	19	2	1	99	20	35	5	5	4	7	9	871	2	66	17	8	67	15	10	10
desc	OG0006065	18	4	5	1	2	11	4	7	6	4	3	16	2	7	3	5	7	7	1	6
desc	OG0004380	4	1	4	2	2	2	5	2	6	5	5	16	1	2	4	3	14	3	2	2
desc	OG0004901	13	1	3	1	2	3	12	5	2	6	3	19	1	7	17	3	8	4	3	16
desc	OG0005601	11	2	9	1	2	2	5	9	6	4	5	12	4	2	2	4	3	4	21	12
desc	OG0007061	12	5	11	1	4	3	13	18	10	18	11	14	3	3	3	10	18	16	14	18
desc	OG0005750	18	4	5	1	4	1	4	12	12	16	10	4	6	16	9	15	5	11	8	11
desc	OG0007171	34	17	6	9	13	7	3	4	5	2	5	12	2	48	8	6	12	7	12	10
desc	OG0004235	13	2	2	1	2	1	6	14	10	4	7	3	3	4	1	3	2	12	7	8
desc	OG0006015	6	9	8	1	1	3	8	14	6	8	10	14	5	3	4	8	1	11	9	10
desc	OG0004383	14	4	5	2	1	4	4	2	7	4	4	6	2	6	6	5	4	6	4	9
desc	OG0004436	10	2	2	2	2	1	5	12	9	6	3	0	0	1	5	3	0	7	4	10
desc	OG0003243	6	3	4	1	3	1	2	7	5	4	7	3	2	2	8	2	1	6	17	11
desc	OG0000072	6	2	5	1	2	2	4	8	8	12	9	8	6	3	3	3	0	11	8	11
desc	OG0000107	34	7	17	5	7	39	14	17	18	12	17	80	8	14	20	29	8	20	33	27
desc	OG0000138	36	18	7	45	10	2	24	30	40	28	28	19	9	69	11	11	30	30	45	33
desc	OG0000319	65	11	84	22	9	11	50	53	51	60	41	145	44	64	11	43	18	59	45	46
desc	OG0000410	21	3	5	1	2	6	18	14	21	26	19	5	5	2	7	14	6	29	21	26
desc	OG0000417	29	11	13	15	5	9	24	29	21	16	32	37	8	13	53	22	14	29	26	23
desc	OG0000511.2	57	0	1	53	6	1	7	5	1	4	5	24	0	4	9	1	33	4	5	4
desc	OG0000513	12	1	1	2	2	1	5	8	6	6	2	9	1	4	2	1	3	2	3	8
desc	OG0000598.2	11	3	1	1	3	1	5	5	5	6	11	4	4	5	28	2	3	9	9	7
desc	OG0001106	18	1	1	3	2	8	2	6	6	4	5	9	2	4	6	2	0	7	5	7
desc	OG0001232	16	6	6	20	6	1	18	17	10	18	14	13	6	6	7	7	2	19	23	13
desc	OG0001524	6	1	1	1	2	3	1	1	1	2	1	23	1	3	2	1	1	2	1	12
desc	OG0001538	6	3	1	1	3	4	2	2	7	5	7	5	4	2	2	1	3	10	7	5
desc	OG0001815	15	8	1	1	3	2	3	7	5	12	3	0	6	3	4	11	4	3	2	2
desc	OG0001964	8	1	1	1	2	2	0	2	6	1	1	13	2	3	1	1	3	1	1	3
desc	OG0002280	4	0	1	1	2	8	2	4	2	1	2	2	1	1	2	8	4	3	3	7
desc	OG0002354	30	2	5	5	2	14	6	4	5	6	4	3	1	9	3	6	8	8	6	7
desc	OG0002419	26	1	3	23	5	0	14	7	10	18	5	47	1	11	6	3	10	16	15	26
desc	OG0002435	4	1	1	16	5	2	4	5	4	3	5	5	2	49	4	1	3	5	4	6
desc	OG0002528	57	8	10	5	12	2	23	54	75	30	31	174	15	31	6	40	90	46	23	36
desc	OG0002720	35	1	1	1	2	2	2	2	2	2	1	2	3	11	3	2	6	1	2	2
desc	OG0002739	17	17	11	10	4	2	10	41	55	38	22	4	10	14	12	13	6	16	11	10
desc	OG0002741	8	12	4	27	2	1	3	5	8	12	4	75	6	11	2	4	7	6	5	5
desc	OG0002764	120	267	119	97	11	12	364	184	104	156	292	368	26	28	212	52	29	237	558	570
desc	OG0002943	14	1	1	1	2	1	4	9	4	2	2	25	1	4	1	2	7	2	2	2
desc	OG0002973	255	42	60	209	103	37	78	138	115	147	111	71	7	424	14	53	117	109	283	155
desc	OG0003023	97	19	14	5	5	5	42	26	26	14	16	28	9	32	65	57	16	16	7	23
desc	OG0003032	8	3	7	2	3	2	5	8	8	4	7	7	2	2	3	2	2	8	20	18
desc	OG0003033	15	4	10	4	5	2	8	21	15	12	20	17	8	20	8	9	7	14	11	16
desc	OG0003101	98	41	23	17	4	6	65	67	42	44	93	19	60	11	18	76	19	81	32	56
desc	OG0003212	8	8	4	4	5	1	15	28	19	18	19	7	26	7	39	7	1	30	17	19
desc	OG0003230	5	3	3	1	3	7	20	9	16	20	6	4	6	14	3	3	4	8	5	10
desc	OG0003308	13	4	5	4	5	1	23	24	26	19	27	7	17	8	3	16	26	40	26	20
desc	OG0003341	23	8	9	9	6	5	6	22	14	24	11	51	4	16	9	12	13	13	15	16
desc	OG0003353	24	0	2	1	2	5	3	3	5	2	2	3	6	9	7	3	5	3	5	4
desc	OG0003365	5	1	1	1	2	2	7	8	4	4	4	1	1	6	2	3	3	5	4	5
desc	OG0003371	26	17	18	5	8	11	25	10	23	17	43	25	3	25	9	10	29	47	54	53
desc	OG0003415	20	1	9	2	3	2	15	5	2	2	2	19	3	8	2	8	10	2	1	1
desc	OG0003439	39	11	23	6	10	18	22	29	26	31	18	28	8	23	8	62	21	27	26	31
desc	OG0003459	108	13	7	5	6	22	16	54	40	16	84	31	15	10	21	28	21	37	38	36
desc	OG0003540	30	2	2	2	3	1	13	7	9	6	6	3	3	7	6	4	6	6	8	5
desc	OG0003657	8	4	1	2	2	1	3	7	9	8	5	10	3	4	5	3	5	22	5	5
desc	OG0003696	11	3	6	3	2	1	4	11	5	7	5	5	5	3	8	3	2	7	10	9
desc	OG0003723	13	2	2	2	3	1	7	12	8	26	8	3	6	3	4	4	1	21	21	14
desc	OG0003774	20	2	8	28	3	3	12	7	5	10	10	304	1	18	3	6	12	13	14	30
desc	OG0003787	25	3	3	3	2	3	6	19	14	22	8	14	3	43	0	9	11	8	40	10
desc	OG0003801	25	7	13	3	12	5	9	41	13	24	13	47	3	18	16	21	15	14	16	16
desc	OG0003884	27	9	11	2	8	12	16	18	16	10	23	26	8	14	6	15	19	24	20	18
desc	OG0003914	17	22	42	56	2	4	8	23	17	8	12	7	8	2	11	19	5	16	16	18
desc	OG0003964	54	29	28	6	3	10	23	28	20	28	55	28	13	8	24	46	10	33	39	50
desc	OG0004026	46	16	5	2	5	3	18	23	18	12	22	16	9	7	4	10	11	29	21	42
desc	OG0004079	14	8	1	7	3	1	7	9	7	9	7	5	2	3	7	3	3	8	10	10
desc	OG0004122	34	4	5	4	8	2	11	14	34	20	16	28	4	11	6	7	16	26	16	20
desc	OG0004216	14	3	1	2	1	4	10	1	3	5	1	5	0	4	1	6	2	3	1	3
desc	OG0004284	10	6	1	4	2	1	2	6	9	9	6	35	1	4	13	3	5	8	6	11
desc	OG0004308	11	8	4	3	3	4	10	8	13	9	16	17	9	8	8	5	4	16	12	11
desc	OG0004316	16	6	4	2	4	9	11	17	15	13	14	19	6	11	18	13	5	18	9	40
desc	OG0004334	28	6	7	1	8	2	9	20	15	20	13	73	5	25	8	14	31	13	15	16
desc	OG0004373	17	6	4	2	3	4	11	5	8	4	4	1	2	7	5	11	9	2	5	7
desc	OG0004377	4	2	5	4	3	2	4	3	4	4	13	11	1	2	0	3	4	8	9	6
desc	OG0004407	52	4	9	2	3	2	8	5	10	12	17	28	5	11	2	8	10	34	14	18
desc	OG0004437	34	10	10	2	5	7	12	23	16	16	16	33	10	12	0	18	10	16	21	24
desc	OG0004520	11	4	3	1	3	3	9	11	8	8	10	17	3	5	6	7	3	8	5	7
desc	OG0004750	56	37	16	12	7	3	28	45	41	26	32	31	61	6	44	27	3	39	33	22
desc	OG0004782	20	5	11	4	2	2	30	24	14	48	12	18	5	5	6	19	5	32	29	44
desc	OG0004858	11	0	1	1	2	2	1	3	6	2	1	33	1	6	6	1	4	2	3	4
desc	OG0004860	20	2	2	2	1	2	5	4	4	4	4	8	2	5	9	3	1	4	5	7
desc	OG0004916	22	5	1	1	3	2	3	13	10	6	7	9	2	5	5	5	12	9	5	6
desc	OG0004939	20	4	14	5	3	5	15	10	15	8	8	19	4	17	10	11	16	12	7	13
desc	OG0005012	15	6	3	2	3	4	5	10	9	13	8	1	2	10	7	7	12	9	8	10
desc	OG0005052	32	9	6	11	4	4	18	22	23	28	18	36	15	18	6	22	16	19	19	26
desc	OG0005071	50	3	5	9	2	2	12	9	16	15	11	8	3	7	6	8	5	20	13	17
desc	OG0005096	6	2	1	1	2	1	7	2	2	4	1	1	2	3	4	1	2	2	4	9
desc	OG0005138	14	2	1	1	2	1	1	13	9	3	4	6	2	2	2	4	2	3	3	4
desc	OG0005152	7	2	1	1	2	4	2	5	3	4	4	1	2	1	4	4	3	7	4	4
desc	OG0005155	7	4	2	1	2	1	4	9	10	5	7	4	3	2	4	4	3	8	6	6
desc	OG0005169	16	0	1	1	2	2	2	8	9	2	4	16	4	3	3	1	4	4	3	6
desc	OG0005170	22	7	19	3	3	16	13	46	23	14	13	23	10	6	18	23	16	24	15	24
desc	OG0005189	12	1	1	1	2	6	2	5	2	2	1	0	18	3	4	23	5	2	2	3
desc	OG0005190	52	7	10	2	3	5	7	22	22	11	30	74	12	4	24	12	10	22	27	19
desc	OG0005191	24	6	12	4	5	8	8	21	20	12	14	21	6	10	5	20	8	12	17	20
desc	OG0005211	37	4	9	3	2	4	3	8	5	5	6	8	1	2	5	9	2	6	7	4
desc	OG0005223	31	1	3	1	3	4	4	9	4	6	5	1	1	12	7	3	7	15	7	8
desc	OG0005230	28	50	13	2	3	1	10	33	20	20	36	0	10	7	6	19	9	22	21	26
desc	OG0005231	17	13	11	5	7	15	15	9	20	13	12	52	7	25	14	26	16	12	12	16
desc	OG0005244	87	18	18	4	8	24	26	45	51	71	54	35	26	5	13	36	12	110	65	74
desc	OG0005262	16	1	3	1	2	26	2	2	2	3	3	11	4	10	4	1	8	4	5	6
desc	OG0005274	4	2	15	1	2	21	9	9	5	3	10	6	2	6	4	8	5	12	8	8
desc	OG0005304	16	10	8	2	3	4	21	14	20	10	14	35	11	11	3	21	10	12	12	18
desc	OG0005437	14	6	2	6	31	4	16	23	17	14	16	19	7	11	9	6	10	33	25	22
desc	OG0005605	22	6	3	7	4	1	8	23	15	18	12	20	6	12	13	7	8	14	6	11
desc	OG0005686	22	2	3	3	3	2	3	7	8	5	11	12	2	12	6	5	6	16	16	10
desc	OG0005717	26	3	2	2	3	1	4	9	9	6	14	5	5	22	4	8	10	14	11	11
desc	OG0005728	52	2	2	1	8	2	6	5	7	9	8	6	2	9	4	4	4	14	6	8
desc	OG0005789	25	4	5	6	2	2	3	16	10	6	7	33	4	8	3	6	6	8	9	12
desc	OG0005805	37	12	18	1	5	4	38	39	33	20	27	20	18	7	5	21	27	36	38	31
desc	OG0005904	11	3	3	1	2	5	9	17	4	5	4	13	5	4	3	4	26	8	5	6
desc	OG0005927	13	0	1	1	2	1	2	4	2	4	7	0	2	5	3	1	5	2	4	7
desc	OG0005959	7	6	3	1	2	3	2	3	4	4	7	15	2	3	2	4	4	4	3	4
desc	OG0005997	53	8	5	5	21	3	21	8	12	36	14	39	8	25	5	6	16	26	23	28
desc	OG0006023	38	57	173	51	7	10	35	38	58	32	153	77	5	11	46	72	6	54	58	42
desc	OG0006061	0	1	4	1	2	2	6	10	4	8	4	3	2	6	2	35	4	6	4	6
desc	OG0006079	30	8	8	10	21	1	11	18	15	9	17	11	6	38	9	15	28	2	4	14
desc	OG0006086	54	18	33	9	3	15	13	16	16	23	23	9	10	42	23	27	18	10	18	14
desc	OG0006093	16	3	5	2	2	13	17	12	8	8	10	19	5	15	8	17	3	15	8	12
desc	OG0006124	73	19	19	3	7	19	25	20	24	30	24	24	20	27	17	56	21	28	23	31
desc	OG0006126	42	16	12	9	8	9	12	43	22	34	31	40	8	24	8	63	44	16	24	22
desc	OG0006128	27	3	6	1	2	6	8	11	10	12	8	12	7	13	15	7	4	10	10	14
desc	OG0006129	99	7	8	3	4	53	13	15	44	30	13	13	12	32	17	19	7	20	21	20
desc	OG0006139	19	8	4	1	3	8	7	15	16	4	8	12	7	8	8	18	11	12	6	5
desc	OG0006146	30	7	16	4	5	19	15	33	26	34	20	26	10	18	10	37	11	18	16	20
desc	OG0006161	34	24	54	6	6	34	58	32	30	27	62	184	5	10	47	39	38	45	68	69
desc	OG0006162	32	12	6	6	3	5	21	20	21	20	19	37	13	14	13	22	26	46	20	27
desc	OG0006163	100	47	50	9	8	9	72	107	45	60	98	87	26	17	52	87	46	97	50	94
desc	OG0006168	12	1	1	24	23	9	2	10	4	2	4	8	4	39	0	4	18	9	6	10
desc	OG0006200	42	6	5	2	8	20	47	14	9	12	8	35	5	7	11	17	7	11	7	24
desc	OG0006208	16	10	5	4	11	2	12	22	22	15	22	1	11	8	14	26	14	14	18	9
desc	OG0006209	39	5	10	6	9	12	46	23	20	12	32	17	4	16	8	22	19	34	26	30
desc	OG0006211	18	6	3	1	3	3	11	19	12	18	13	12	8	11	3	16	12	16	13	13
desc	OG0006215	18	2	3	1	6	8	6	9	6	4	7	71	4	10	10	3	18	13	17	7
desc	OG0006219	23	17	10	7	7	8	14	39	28	8	12	50	7	17	8	24	18	22	31	15
desc	OG0006242	6	3	1	1	4	7	5	17	3	2	6	8	1	9	3	15	9	6	4	9
